f}hf[^,2018N,04,08
@,@,P,0:30,1:00,1:30,2:00,2:30,3:00,3:30,4:00,4:30,5:00,5:30,6:00,6:30,7:00,7:30,8:00,8:30,9:00,9:30,10:00,10:30,11:00,11:30,12:00,12:30,13:00,13:30,14:00,14:30,15:00,15:30,16:00,16:30,17:00,17:30,18:00,18:30,19:00,19:30,20:00,20:30,21:00,21:30,22:00,22:30,23:00,23:30,0:00,l,l,l,vl
 90103,番菔呓dd@@@@@@@,kWH   ,     360,     353,     353,     353,     350,     358,     360,     360,     374,     365,     353,     345,     343,     334,     346,     348,     304,     291,     312,     302,     288,     303,     295,     290,     293,     288,     293,     300,     307,     343,     327,     319,     343,     350,     353,     363,     369,     387,     386,     370,     369,     365,     379,     375,     357,     363,     369,     358,     288,     387,     341,   16366
 90104,挤菔呓dd@@@@@@@,kWH   ,     136,     134,     140,     130,     135,     132,     135,     134,     133,     135,     134,     136,     143,     143,     150,     144,     149,     149,     162,     156,     154,     161,     156,     149,     154,     148,     153,     143,     144,     151,     155,     152,     156,     160,     163,     161,     169,     188,     192,     187,     180,     172,     168,     154,     146,     145,     143,     143,     130,     192,     151,    7257
100201,nd@@@@@@@@,kWH   ,   122.0,   116.0,   116.0,   116.0,   120.0,   119.0,   118.0,   118.0,   128.0,   122.0,   122.0,   120.0,   123.0,   123.0,   126.0,   142.0,   121.0,   117.0,   117.0,   120.0,   118.0,   121.0,   127.0,   126.0,   119.0,   121.0,   123.0,   118.0,   116.0,   123.0,   138.0,   130.0,   120.0,   123.0,   125.0,   126.0,   127.0,   137.0,   146.0,   132.0,   130.0,   127.0,   123.0,   128.0,   117.0,   120.0,   130.0,   121.0,   116.0,   146.0,   123.7,  5938.0
100202,nd@@@@@@@@,kWH   ,    68.0,    68.0,    67.0,    67.0,    67.0,    67.0,    72.0,    75.0,    75.0,    78.0,    68.0,    58.0,    50.0,    46.0,    50.0,    45.0,    23.0,    22.0,    21.0,    34.0,    18.0,     7.0,    18.0,     1.0,    16.0,    10.0,     5.0,    16.0,    19.0,    37.0,    26.0,    30.0,    37.0,    47.0,    51.0,    55.0,    59.0,    64.0,    62.0,    60.0,    62.0,    61.0,    71.0,    76.0,    69.0,    69.0,    68.0,    68.0,     1.0,    78.0,    48.0,  2303.0
100203,knd@@@@@@@@,kWH   ,    86.0,    87.0,    88.0,    87.0,    86.0,    88.0,    86.0,    86.0,    87.0,    87.0,    87.0,    88.0,    90.0,    87.0,    89.0,    88.0,    85.0,    86.0,    83.0,    90.0,    87.0,    83.0,    87.0,    85.0,    87.0,    87.0,    89.0,    88.0,    87.0,    88.0,    87.0,    88.0,    91.0,    95.0,    94.0,    93.0,    96.0,    95.0,    93.0,    93.0,    92.0,    91.0,    91.0,    93.0,    91.0,    91.0,    90.0,    91.0,    83.0,    96.0,    88.8,  4264.0
100205,6d @@@@@@@@,kWH   ,     5.0,     5.0,     5.0,     5.0,     5.0,     5.0,     5.0,     5.0,     5.0,     5.0,     5.0,     5.0,     5.0,     5.0,     5.0,     5.0,     3.0,     3.0,     3.0,     4.0,     3.0,     2.0,     4.0,     2.0,     2.0,     3.0,     2.0,     4.0,     4.0,     4.0,     4.0,     4.0,     5.0,     6.0,     6.0,     6.0,     6.0,     6.0,     6.0,     5.0,     6.0,     6.0,     5.0,     6.0,     5.0,     6.0,     5.0,     6.0,     2.0,     6.0,     4.6,   222.0
100206,16d@@@@@@@@,kWH   ,    29.0,    29.0,    29.0,    28.0,    28.0,    29.0,    28.0,    28.0,    27.0,    28.0,    28.0,    27.0,    28.0,    28.0,    28.0,    28.0,    28.0,    28.0,    29.0,    28.0,    29.0,    30.0,    30.0,    31.0,    32.0,    33.0,    33.0,    33.0,    33.0,    33.0,    34.0,    31.0,    31.0,    31.0,    31.0,    32.0,    32.0,    32.0,    31.0,    32.0,    31.0,    31.0,    32.0,    29.0,    29.0,    28.0,    28.0,    28.0,    27.0,    34.0,    29.9,  1433.0
100208,2d @@@@@@@@@@,kWH   ,    19.0,    14.0,    14.0,    14.0,    14.0,    14.0,    14.0,    17.0,    25.0,    18.0,    14.0,    14.0,    16.0,    16.0,    18.0,    32.0,    21.0,    15.0,    15.0,    15.0,    15.0,    15.0,    22.0,    26.0,    15.0,    15.0,    15.0,    16.0,    15.0,    18.0,    26.0,    19.0,    15.0,    14.0,    15.0,    14.0,    15.0,    20.0,    28.0,    19.0,    15.0,    15.0,    15.0,    15.0,    15.0,    19.0,    26.0,    17.0,    14.0,    32.0,    17.4,   833.0
100209,1d @@@@@@@@@@,kWH   ,     2.0,     2.0,     3.0,     2.0,     2.0,     2.0,     3.0,     2.0,     2.0,     3.0,     2.0,     3.0,     3.0,     3.0,     3.0,     4.0,     3.0,     4.0,     3.0,     4.0,     4.0,     4.0,     4.0,     4.0,     4.0,     3.0,     4.0,     3.0,     3.0,     4.0,     3.0,     3.0,     3.0,     3.0,     4.0,     3.0,     4.0,     5.0,     6.0,     5.0,     5.0,     5.0,     5.0,     5.0,     4.0,     3.0,     3.0,     3.0,     2.0,     6.0,     3.4,   164.0
100210,5d @@@@@@@@@@,kWH   ,    19.0,    16.0,    16.0,    17.0,    16.0,    18.0,    19.0,    15.0,    16.0,    16.0,    21.0,    17.0,    16.0,    16.0,    20.0,    18.0,    16.0,    18.0,    17.0,    16.0,    17.0,    20.0,    16.0,    18.0,    16.0,    18.0,    19.0,    16.0,    16.0,    18.0,    19.0,    17.0,    16.0,    17.0,    16.0,    21.0,    15.0,    17.0,    17.0,    19.0,    19.0,    16.0,    17.0,    20.0,    18.0,    15.0,    18.0,    22.0,    15.0,    22.0,    17.4,   836.0
100211,378d @@@@@@@@,kWH   ,    32.0,    36.0,    37.0,    37.0,    36.0,    37.0,    36.0,    36.0,    37.0,    36.0,    37.0,    37.0,    37.0,    37.0,    36.0,    36.0,    33.0,    32.0,    30.0,    35.0,    31.0,    32.0,    33.0,    29.0,    33.0,    31.0,    31.0,    32.0,    33.0,    32.0,    32.0,    33.0,    35.0,    38.0,    37.0,    37.0,    39.0,    39.0,    38.0,    38.0,    38.0,    38.0,    37.0,    38.0,    35.0,    35.0,    36.0,    35.0,    29.0,    39.0,    35.1,  1685.0
100212,1920d @@@@@@@@,kWH   ,    14.0,    19.0,    15.0,    15.0,    18.0,    17.0,    15.0,    18.0,    15.0,    16.0,    19.0,    16.0,    18.0,    17.0,    17.0,    17.0,    14.0,    15.0,    18.0,    16.0,    17.0,    16.0,    18.0,    17.0,    19.0,    18.0,    19.0,    17.0,    18.0,    18.0,    17.0,    17.0,    17.0,    18.0,    19.0,    18.0,    20.0,    20.0,    19.0,    19.0,    20.0,    16.0,    17.0,    16.0,    17.0,    16.0,    16.0,    16.0,    14.0,    20.0,    17.2,   824.0
100213,10d@@@@@@@@@@,kWH   ,     4.0,     4.0,     6.0,     4.0,     6.0,     4.0,     5.0,     6.0,     5.0,     6.0,     4.0,     5.0,     5.0,     6.0,     5.0,     6.0,     5.0,     6.0,     5.0,     6.0,     6.0,     6.0,     5.0,     6.0,     5.0,     6.0,     8.0,     6.0,     5.0,     5.0,     7.0,     5.0,     6.0,     4.0,     6.0,     5.0,     7.0,     8.0,     7.0,     6.0,     6.0,     5.0,     6.0,     6.0,     5.0,     5.0,     4.0,     5.0,     4.0,     8.0,     5.5,   264.0
100214,番菔呓踢谆蕙15d@@@@,kWH   ,     7.0,     7.0,     8.0,     7.0,     8.0,     8.0,     7.0,     7.0,     7.0,     7.0,     7.0,     7.0,     9.0,     9.0,     9.0,     9.0,     9.0,    10.0,     9.0,     9.0,     9.0,     9.0,     8.0,     8.0,     9.0,     9.0,     9.0,     9.0,     8.0,     9.0,    14.0,    16.0,    11.0,     9.0,     8.0,     9.0,     9.0,     8.0,    10.0,     9.0,     9.0,     9.0,     8.0,     8.0,     7.0,     7.0,     6.0,     7.0,     6.0,    16.0,     8.6,   411.0
100215,33d@@@@@@@@@@,kWH   ,    25.0,    26.0,    26.0,    26.0,    25.0,    26.0,    26.0,    25.0,    26.0,    25.0,    26.0,    26.0,    27.0,    25.0,    27.0,    26.0,    26.0,    27.0,    26.0,    28.0,    27.0,    27.0,    27.0,    28.0,    28.0,    28.0,    29.0,    28.0,    28.0,    27.0,    28.0,    27.0,    27.0,    28.0,    27.0,    28.0,    27.0,    28.0,    27.0,    27.0,    27.0,    27.0,    26.0,    27.0,    26.0,    26.0,    27.0,    27.0,    25.0,    29.0,    26.8,  1284.0
100216,1711d @@@@@@@@,kWH   ,    18.0,    19.0,    19.0,    19.0,    18.0,    20.0,    18.0,    18.0,    18.0,    19.0,    19.0,    18.0,    19.0,    18.0,    18.0,    18.0,    13.0,    13.0,    13.0,    15.0,    12.0,    10.0,    13.0,    10.0,    10.0,    12.0,    11.0,    12.0,    12.0,    14.0,    12.0,    13.0,    16.0,    18.0,    17.0,    17.0,    19.0,    19.0,    19.0,    19.0,    19.0,    19.0,    19.0,    20.0,    19.0,    19.0,    19.0,    20.0,    10.0,    20.0,    16.4,   789.0
100217,3031d @@@@@@@@,kWH   ,    29.0,    29.0,    30.0,    29.0,    29.0,    29.0,    30.0,    30.0,    29.0,    30.0,    29.0,    30.0,    31.0,    28.0,    31.0,    31.0,    32.0,    33.0,    31.0,    33.0,    34.0,    33.0,    33.0,    34.0,    34.0,    34.0,    34.0,    34.0,    33.0,    34.0,    34.0,    34.0,    33.0,    33.0,    33.0,    32.0,    33.0,    32.0,    33.0,    31.0,    34.0,    32.0,    32.0,    31.0,    31.0,    31.0,    30.0,    31.0,    28.0,    34.0,    31.7,  1520.0
100218,32d@@@@@@@@@@,kWH   ,    12.0,    13.0,    13.0,    14.0,    13.0,    13.0,    12.0,    13.0,    13.0,    13.0,    13.0,    13.0,    13.0,    14.0,    13.0,    13.0,    14.0,    13.0,    12.0,    14.0,    13.0,    14.0,    14.0,    13.0,    15.0,    13.0,    14.0,    13.0,    14.0,    13.0,    13.0,    13.0,    13.0,    16.0,    16.0,    15.0,    16.0,    16.0,    13.0,    14.0,    13.0,    14.0,    13.0,    15.0,    14.0,    13.0,    14.0,    14.0,    12.0,    16.0,    13.6,   652.0
100219,w段百d @@@@@@@,kWH   ,     5.0,     6.0,     6.0,     6.0,     6.0,     5.0,     6.0,     5.0,     6.0,     6.0,     6.0,     6.0,     6.0,     5.0,     6.0,     6.0,     6.0,     5.0,     6.0,     7.0,     5.0,     6.0,     6.0,     5.0,     6.0,     6.0,     6.0,     6.0,     6.0,     6.0,     6.0,     6.0,     5.0,     6.0,     6.0,     6.0,     6.0,     6.0,     6.0,     6.0,     6.0,     5.0,     6.0,     6.0,     6.0,     6.0,     6.0,     5.0,     5.0,     7.0,     5.8,   279.0
100220,}d@@@@@@@@@@,kWH   ,     3.0,     4.0,     3.0,     4.0,     4.0,     3.0,     4.0,     3.0,     4.0,     4.0,     3.0,     4.0,     3.0,     4.0,     4.0,     3.0,     4.0,     3.0,     4.0,     4.0,     3.0,     4.0,     3.0,     4.0,     3.0,     4.0,     4.0,     3.0,     4.0,     8.0,     9.0,     7.0,     4.0,     3.0,     4.0,     3.0,     4.0,     4.0,     4.0,     4.0,     5.0,     4.0,     4.0,     4.0,     4.0,     3.0,     4.0,     4.0,     3.0,     9.0,     4.0,   190.0
100221,}Vd@@@@@@@@,kWH   ,     2.0,     3.0,     3.0,     3.0,     4.0,     3.0,     3.0,     3.0,     2.0,     4.0,     3.0,     4.0,     4.0,     3.0,     3.0,     3.0,     4.0,     3.0,     3.0,     4.0,     3.0,     3.0,     3.0,     3.0,     3.0,     3.0,     4.0,     3.0,     2.0,     3.0,     4.0,     3.0,     3.0,     3.0,     3.0,     3.0,     4.0,     3.0,     3.0,     3.0,     3.0,     4.0,     3.0,     3.0,     4.0,     3.0,     3.0,     3.0,     2.0,     4.0,     3.2,   152.0
100222,21d@@@@@@@@@@,kWH   ,     7.0,     7.0,     7.0,     7.0,     6.0,     6.0,     7.0,     6.0,     7.0,     6.0,     6.0,     7.0,     6.0,     6.0,     8.0,     7.0,     7.0,     6.0,     6.0,     6.0,     6.0,     5.0,     5.0,     5.0,     4.0,     5.0,     5.0,     5.0,     6.0,     7.0,     5.0,     6.0,     7.0,     8.0,     8.0,     8.0,     8.0,    10.0,     9.0,     9.0,     9.0,     9.0,     8.0,     8.0,     7.0,     8.0,     7.0,     7.0,     4.0,    10.0,     6.8,   325.0
100223,22()d@@@@@@@@,kWH   ,     1.0,     1.0,     2.0,     1.0,     2.0,     1.0,     1.0,     2.0,     1.0,     1.0,     2.0,     1.0,     2.0,     1.0,     1.0,     2.0,     1.0,     2.0,     1.0,     2.0,     1.0,     2.0,     1.0,     2.0,     1.0,     2.0,     1.0,     1.0,     2.0,     4.0,     1.0,     2.0,     1.0,     1.0,     2.0,     1.0,     2.0,     1.0,     1.0,     2.0,     1.0,     2.0,     1.0,     2.0,     1.0,     2.0,     1.0,     1.0,     1.0,     4.0,     1.5,    70.0
100224,24(窬堇)d@@@,kWH   ,    14.0,    15.0,    14.0,    14.0,    14.0,    15.0,    14.0,    14.0,    14.0,    14.0,    14.0,    15.0,    14.0,    15.0,    14.0,    14.0,    15.0,    14.0,    14.0,    14.0,    14.0,    15.0,    14.0,    13.0,    15.0,    15.0,    14.0,    14.0,    14.0,    14.0,    15.0,    14.0,    14.0,    14.0,    14.0,    14.0,    15.0,    14.0,    15.0,    14.0,    15.0,    14.0,    15.0,    15.0,    14.0,    14.0,    14.0,    15.0,    13.0,    15.0,    14.3,   686.0
100225,23(鼗傲据腊)d@@@@@,kWH   ,     5.0,     4.0,     4.0,     6.0,     4.0,     6.0,     6.0,     5.0,     4.0,     4.0,     5.0,     6.0,     4.0,     5.0,     3.0,     5.0,     5.0,     4.0,     4.0,     4.0,     5.0,     4.0,     5.0,     5.0,     4.0,     5.0,     5.0,     5.0,     4.0,     5.0,     7.0,     6.0,     6.0,     7.0,     7.0,     6.0,     6.0,     7.0,     7.0,     6.0,     7.0,     5.0,     8.0,     6.0,     6.0,     5.0,     5.0,     5.0,     3.0,     8.0,     5.2,   252.0
100226,矣乇傥百d@@@@@@@@@,kWH   ,     1.0,     2.0,     2.0,     2.0,     2.0,     2.0,     2.0,     2.0,     2.0,     2.0,     1.0,     2.0,     2.0,     1.0,     2.0,     3.0,     2.0,     3.0,     3.0,     2.0,     3.0,     2.0,     3.0,     2.0,     3.0,     2.0,     3.0,     2.0,     2.0,     3.0,     2.0,     3.0,     2.0,     3.0,     2.0,     3.0,     3.0,     5.0,     5.0,     4.0,     5.0,     5.0,     4.0,     4.0,     3.0,     2.0,     2.0,     2.0,     1.0,     5.0,     2.6,   124.0
100227,绁痪堇d @@@@@@,kWH   ,    15.0,    16.0,    15.0,    15.0,    16.0,    15.0,    22.0,    25.0,    26.0,    26.0,    15.0,     5.0,     0.0,     0.0,     0.0,     0.0,     0.0,     0.0,     0.0,     0.0,     0.0,     0.0,     0.0,     0.0,     0.0,     0.0,     0.0,     0.0,     0.0,     0.0,     0.0,     0.0,     0.0,     0.0,     0.0,     0.0,     0.0,     0.0,     0.0,     0.0,     0.0,     0.0,    11.0,    16.0,    15.0,    15.0,    16.0,    15.0,     0.0,    26.0,     6.2,   299.0
100228,5Od @@@@@@@@,kWH   ,    17.0,    18.0,    19.0,    17.0,    16.0,    18.0,    18.0,    18.0,    19.0,    18.0,    17.0,    18.0,    18.0,    18.0,    17.0,    18.0,    16.0,    19.0,    18.0,    17.0,    18.0,    19.0,    18.0,    17.0,    18.0,    19.0,    17.0,    17.0,    18.0,    19.0,    18.0,    18.0,    18.0,    17.0,    17.0,    19.0,    18.0,    17.0,    18.0,    17.0,    18.0,    18.0,    18.0,    19.0,    17.0,    18.0,    18.0,    17.0,    16.0,    19.0,    17.8,   854.0
100229,}()d@@@@@@@,kWH   ,     1.0,     1.0,     1.0,     2.0,     2.0,     1.0,     1.0,     1.0,     1.0,     2.0,     1.0,     2.0,     1.0,     1.0,     2.0,     2.0,     1.0,     2.0,     1.0,     2.0,     1.0,     1.0,     1.0,     2.0,     1.0,     2.0,     1.0,     1.0,     1.0,     1.0,     1.0,     2.0,     2.0,     1.0,     1.0,     2.0,     2.0,     1.0,     1.0,     1.0,     2.0,     1.0,     1.0,     2.0,     2.0,     1.0,     1.0,     1.0,     1.0,     2.0,     1.4,    65.0
100230,22()d@@@@@@@@,kWH   ,     0.0,     1.0,     1.0,     1.0,     0.0,     1.0,     1.0,     1.0,     0.0,     1.0,     1.0,     1.0,     1.0,     0.0,     1.0,     1.0,     1.0,     0.0,     1.0,     1.0,     1.0,     0.0,     1.0,     1.0,     1.0,     0.0,     1.0,     2.0,     1.0,     1.0,     1.0,     1.0,     1.0,     0.0,     1.0,     1.0,     1.0,     0.0,     1.0,     1.0,     1.0,     0.0,     1.0,     1.0,     1.0,     1.0,     0.0,     1.0,     0.0,     2.0,     0.8,    38.0
100231,25d@@@@@@@@,kWH   ,    10.0,    11.0,    11.0,    11.0,    10.0,    11.0,    10.0,    10.0,    11.0,    10.0,    11.0,    10.0,    10.0,    10.0,    10.0,    11.0,     9.0,     8.0,     9.0,    10.0,    11.0,    10.0,    13.0,    11.0,     8.0,    11.0,    14.0,    10.0,    11.0,    15.0,    15.0,    16.0,    18.0,    15.0,    16.0,    16.0,    17.0,    19.0,    18.0,    18.0,    17.0,    14.0,    15.0,    15.0,    14.0,    13.0,    12.0,    12.0,     8.0,    19.0,    12.4,   597.0
100232,皋壮菽d @@@@@@@,kWH   ,    17.0,    18.0,    20.0,    17.0,    17.0,    17.0,    20.0,    16.0,    17.0,    17.0,    20.0,    17.0,    22.0,    26.0,    27.0,    25.0,    25.0,    33.0,    35.0,    35.0,    30.0,    34.0,    35.0,    31.0,    31.0,    28.0,    29.0,    25.0,    20.0,    21.0,    25.0,    22.0,    23.0,    22.0,    29.0,    26.0,    26.0,    47.0,    48.0,    47.0,    46.0,    42.0,    34.0,    28.0,    21.0,    20.0,    21.0,    23.0,    16.0,    48.0,    26.6,  1275.0
100233,70d@@@@@@@@,kWH   ,     5.0,     5.0,     5.0,     6.0,     5.0,     6.0,     5.0,     5.0,     5.0,     6.0,     5.0,     6.0,     6.0,     9.0,     7.0,     8.0,     8.0,     8.0,     9.0,     8.0,     9.0,     8.0,     9.0,     8.0,     9.0,     8.0,     8.0,     8.0,     8.0,     8.0,     8.0,     8.0,     9.0,     9.0,     8.0,     8.0,     8.0,     8.0,     8.0,     8.0,     7.0,     9.0,     6.0,     6.0,     6.0,     5.0,     5.0,     5.0,     5.0,     9.0,     7.1,   341.0
100234,50d@@@@@@@@,kWH   ,    75.0,    79.0,    76.0,    74.0,    76.0,    74.0,    77.0,    77.0,    77.0,    76.0,    76.0,    75.0,    76.0,    79.0,    79.0,    76.0,    80.0,    77.0,    83.0,    80.0,    84.0,    79.0,    77.0,    77.0,    77.0,    78.0,    78.0,    77.0,    81.0,    81.0,    83.0,    83.0,    88.0,    87.0,    87.0,    90.0,    84.0,    90.0,    85.0,    89.0,    85.0,    81.0,    84.0,    78.0,    79.0,    77.0,    78.0,    80.0,    74.0,    90.0,    80.0,  3839.0
100235,5051d @@@@@@@@,kWH   ,    41.0,    43.0,    41.0,    40.0,    40.0,    42.0,    40.0,    45.0,    43.0,    43.0,    44.0,    40.0,    43.0,    41.0,    42.0,    44.0,    42.0,    40.0,    44.0,    43.0,    45.0,    42.0,    44.0,    40.0,    40.0,    43.0,    41.0,    41.0,    43.0,    44.0,    45.0,    46.0,    47.0,    47.0,    47.0,    48.0,    46.0,    47.0,    48.0,    47.0,    46.0,    44.0,    46.0,    44.0,    40.0,    43.0,    41.0,    43.0,    40.0,    48.0,    43.3,  2079.0
100236,53(n)d@@@@@@@,kWH   ,    21.0,    23.0,    23.0,    22.0,    23.0,    20.0,    23.0,    22.0,    21.0,    23.0,    20.0,    24.0,    21.0,    25.0,    24.0,    21.0,    24.0,    22.0,    25.0,    21.0,    25.0,    23.0,    21.0,    24.0,    21.0,    23.0,    22.0,    21.0,    25.0,    20.0,    23.0,    21.0,    23.0,    22.0,    21.0,    24.0,    23.0,    28.0,    24.0,    26.0,    25.0,    23.0,    25.0,    21.0,    25.0,    21.0,    25.0,    24.0,    20.0,    28.0,    22.9,  1097.0
100237,52d@@@@@@@@@@,kWH   ,     2.0,     2.0,     1.0,     2.0,     2.0,     2.0,     2.0,     2.0,     2.0,     1.0,     2.0,     2.0,     2.0,     2.0,     2.0,     2.0,     2.0,     2.0,     1.0,     2.0,     2.0,     2.0,     2.0,     2.0,     2.0,     2.0,     2.0,     1.0,     2.0,     2.0,     2.0,     3.0,     3.0,     2.0,     2.0,     2.0,     2.0,     2.0,     1.0,     2.0,     2.0,     2.0,     2.0,     2.0,     2.0,     2.0,     2.0,     2.0,     1.0,     3.0,     1.9,    93.0
100238,疼菝ūd@@@@@@@,kWH   ,        ,        ,        ,        ,        ,        ,        ,        ,        ,        ,        ,        ,        ,        ,        ,        ,        ,        ,        ,        ,        ,        ,        ,        ,        ,        ,        ,        ,        ,        ,        ,        ,        ,        ,        ,        ,        ,        ,        ,        ,        ,        ,        ,        ,        ,        ,        ,        ,        ,        ,        ,        
100239,dd@@@@@@@,kWH   ,     0.0,     1.0,     0.0,     1.0,     0.0,     1.0,     0.0,     1.0,     0.0,     1.0,     0.0,     1.0,     0.0,     1.0,     0.0,     1.0,     1.0,     0.0,     1.0,     0.0,     1.0,     0.0,     1.0,     0.0,     1.0,     0.0,     1.0,     1.0,     0.0,     1.0,     0.0,     1.0,     0.0,     1.0,     0.0,     1.0,     0.0,     1.0,     0.0,     1.0,     0.0,     1.0,     0.0,     1.0,     0.0,     1.0,     0.0,     1.0,     0.0,     1.0,     0.5,    25.0
100240,d@@@@@@@@@@,kWH   ,     1.0,     2.0,     2.0,     2.0,     1.0,     2.0,     2.0,     2.0,     2.0,     2.0,     1.0,     2.0,     2.0,     1.0,     0.0,     0.0,     0.0,     3.0,     4.0,     5.0,     5.0,     5.0,     5.0,     4.0,     5.0,     5.0,     5.0,     2.0,     1.0,     1.0,     2.0,     3.0,     2.0,     2.0,     4.0,     4.0,     4.0,     3.0,     2.0,     2.0,     1.0,     2.0,     1.0,     2.0,     1.0,     1.0,     0.0,     0.0,     0.0,     5.0,     2.3,   110.0
100241,皋壮菽d @@@@@@@@@,kWH   ,     0.0,     0.0,     0.0,     0.0,     0.0,     0.0,     0.0,     0.0,     0.0,     0.0,     0.0,     0.0,     0.0,     0.0,     0.0,     0.0,     0.0,     0.0,     0.0,     0.0,     0.0,     0.0,     0.0,     0.0,     0.0,     0.0,     0.0,     0.0,     0.0,     0.0,     0.0,     0.0,     0.0,     0.0,     0.0,     0.0,     0.0,     0.0,     0.0,     0.0,     0.0,     0.0,     0.0,     0.0,     0.0,     0.0,     0.0,     0.0,     0.0,     0.0,     0.0,     0.0
100242,29(缸剔セ案偬咦晦)d@@,kWH   ,     2.0,     2.0,     2.0,     3.0,     2.0,     2.0,     2.0,     2.0,     2.0,     2.0,     2.0,     2.0,     2.0,     2.0,     2.0,     2.0,     3.0,     1.0,     2.0,     2.0,     1.0,     2.0,     2.0,     2.0,     2.0,     3.0,     3.0,     3.0,     3.0,     2.0,     3.0,     3.0,     3.0,     3.0,     3.0,     3.0,     4.0,     5.0,     5.0,     5.0,     5.0,     5.0,     5.0,     4.0,     2.0,     2.0,     2.0,     2.0,     1.0,     5.0,     2.7,   128.0
100243,闷胶澳d@@@@@@@@@@,kWH   ,     0.0,     0.0,     0.0,     0.0,     0.0,     0.0,     0.0,     0.0,     0.0,     0.0,     0.0,     0.0,     0.0,     0.0,     0.0,     0.0,     0.0,     0.0,     0.0,     0.0,     0.0,     0.0,     0.0,     0.0,     0.0,     0.0,     0.0,     0.0,     0.0,     0.0,     0.0,     0.0,     0.0,     0.0,     0.0,     0.0,     0.0,     3.0,     2.0,     2.0,     2.0,     1.0,     0.0,     0.0,     0.0,     0.0,     0.0,     0.0,     0.0,     3.0,     0.2,    10.0
100244,53()d@@@@@@@,kWH   ,     3.0,     3.0,     3.0,     3.0,     4.0,     3.0,     3.0,     3.0,     4.0,     3.0,     3.0,     3.0,     4.0,     3.0,     3.0,     4.0,     7.0,     7.0,     8.0,     8.0,     7.0,     8.0,     8.0,     8.0,     8.0,     7.0,     8.0,     8.0,     7.0,     8.0,     8.0,     8.0,     7.0,     8.0,     8.0,     8.0,     5.0,     4.0,     5.0,     5.0,     3.0,     4.0,     3.0,     3.0,     4.0,     3.0,     4.0,     3.0,     3.0,     8.0,     5.2,   252.0
100245,`d@@@@@@@,kWH   ,     0.0,     0.0,     0.0,     0.0,     0.0,     0.0,     0.0,     0.0,     0.0,     0.0,     0.0,     0.0,     0.0,     0.0,     0.0,     0.0,     0.0,     0.0,     0.0,     0.0,     0.0,     0.0,     0.0,     0.0,     0.0,     0.0,     0.0,     0.0,     0.0,     0.0,     0.0,     0.0,     0.0,     0.0,     0.0,     0.0,     0.0,     0.0,     0.0,     0.0,     0.0,     0.0,     0.0,     0.0,     0.0,     0.0,     0.0,     0.0,     0.0,     0.0,     0.0,     0.0
100246,72d@@@@@@@@@@,kWH   ,     0.0,     0.0,     1.0,     0.0,     1.0,     0.0,     1.0,     0.0,     1.0,     0.0,     1.0,     0.0,     2.0,     3.0,     2.0,     3.0,     3.0,     3.0,     3.0,     2.0,     3.0,     2.0,     4.0,     2.0,     2.0,     3.0,     2.0,     3.0,     2.0,     3.0,     1.0,     3.0,     2.0,     2.0,     3.0,     2.0,     3.0,     2.0,     3.0,     3.0,     2.0,     2.0,     2.0,     0.0,     1.0,     0.0,     0.0,     1.0,     0.0,     4.0,     1.8,    84.0
100247,()d@@@@@@@,kWH   ,     0.0,     0.0,     0.0,     0.0,     0.0,     0.0,     0.0,     0.0,     0.0,     0.0,     0.0,     0.0,     0.0,     0.0,     0.0,     0.0,     0.0,     0.0,     0.0,     0.0,     0.0,     0.0,     0.0,     0.0,     0.0,     0.0,     0.0,     0.0,     0.0,     0.0,     0.0,     0.0,     0.0,     0.0,     0.0,     0.0,     0.0,     0.0,     0.0,     0.0,     0.0,     0.0,     0.0,     0.0,     0.0,     0.0,     0.0,     0.0,     0.0,     0.0,     0.0,     0.0
100248,55d@@@@@@@@@@,kWH   ,     8.0,     9.0,     8.0,     9.0,     8.0,     9.0,     8.0,     8.0,     9.0,     8.0,     9.0,     8.0,     8.0,     8.0,     9.0,     8.0,     6.0,     6.0,     6.0,     7.0,     5.0,     4.0,     6.0,     4.0,     4.0,     5.0,     6.0,     4.0,     6.0,     7.0,     6.0,     6.0,     8.0,     8.0,     9.0,     9.0,     9.0,     9.0,     8.0,    10.0,     9.0,     9.0,     9.0,     9.0,     9.0,     9.0,     8.0,     9.0,     4.0,    10.0,     7.6,   363.0
100249,7071d @@@@@@@@,kWH   ,     6.0,     6.0,     6.0,     6.0,     6.0,     6.0,     6.0,     6.0,     6.0,     6.0,     6.0,     6.0,     6.0,     7.0,     6.0,     7.0,     6.0,     7.0,     7.0,     7.0,     7.0,     7.0,     7.0,     7.0,     7.0,     7.0,     7.0,     7.0,     7.0,     7.0,     7.0,     7.0,     8.0,     7.0,     7.0,     6.0,     7.0,     7.0,     7.0,     7.0,     6.0,     7.0,     7.0,     6.0,     6.0,     6.0,     7.0,     5.0,     5.0,     8.0,     6.6,   315.0
100250,d@@@@@@@@,kWH   ,     1.0,     2.0,     1.0,     2.0,     1.0,     2.0,     1.0,     2.0,     1.0,     1.0,     2.0,     1.0,     1.0,     2.0,     2.0,     1.0,     5.0,    11.0,     8.0,     8.0,     6.0,     6.0,     7.0,     6.0,     6.0,     7.0,     7.0,     7.0,     3.0,     3.0,     2.0,     3.0,     4.0,     5.0,     8.0,     5.0,     2.0,     6.0,     7.0,     7.0,     6.0,     7.0,     7.0,     3.0,     1.0,     2.0,     2.0,     1.0,     1.0,    11.0,     4.0,   191.0
100251,25d@@@@@@@@@@,kWH   ,    10.0,    11.0,    12.0,    11.0,    10.0,    11.0,    10.0,    11.0,    11.0,    11.0,    10.0,    10.0,    11.0,    10.0,    10.0,    12.0,     9.0,     8.0,     9.0,    11.0,    11.0,    10.0,    13.0,    12.0,     8.0,    12.0,    14.0,    10.0,    12.0,    14.0,    15.0,    17.0,    18.0,    16.0,    16.0,    17.0,    16.0,    19.0,    19.0,    18.0,    17.0,    14.0,    16.0,    16.0,    14.0,    13.0,    12.0,    12.0,     8.0,    19.0,    12.7,   609.0
100252,14d@@@@@@@@,kWH   ,    12.0,    12.0,    12.0,    12.0,    11.0,    12.0,    11.0,    12.0,    11.0,    12.0,    11.0,    12.0,    11.0,    10.0,    11.0,    11.0,     5.0,     7.0,     6.0,     7.0,     4.0,     5.0,     6.0,     2.0,     4.0,     3.0,     5.0,     4.0,     6.0,     7.0,     5.0,     7.0,     9.0,    11.0,    10.0,    11.0,    12.0,    11.0,    11.0,    12.0,    11.0,    11.0,    11.0,    12.0,    11.0,    12.0,    11.0,    12.0,     2.0,    12.0,     9.2,   444.0
100253,d@@@@@@@@@@,kWH   ,    14.0,    14.0,    16.0,    13.0,    13.0,    15.0,    16.0,    13.0,    14.0,    14.0,    16.0,    14.0,    18.0,    23.0,    26.0,    22.0,    21.0,    20.0,    22.0,    22.0,    19.0,    23.0,    23.0,    21.0,    18.0,    16.0,    16.0,    15.0,    14.0,    17.0,    18.0,    17.0,    14.0,    14.0,    16.0,    16.0,    17.0,    30.0,    33.0,    32.0,    30.0,    28.0,    21.0,    22.0,    17.0,    16.0,    19.0,    21.0,    13.0,    33.0,    18.9,   909.0
100254,ssd@@@@@@@@,kWH   ,     4.0,     5.0,     4.0,     3.0,     4.0,     4.0,     4.0,     3.0,     4.0,     5.0,     5.0,     3.0,     4.0,     3.0,     4.0,     3.0,     0.0,     0.0,     0.0,     2.0,     0.0,     0.0,     0.0,     0.0,     0.0,     0.0,     0.0,     0.0,     0.0,     0.0,     0.0,     0.0,     2.0,     3.0,     4.0,     5.0,     5.0,     5.0,     4.0,     4.0,     4.0,     4.0,     4.0,     3.0,     5.0,     4.0,     5.0,     3.0,     0.0,     5.0,     2.7,   128.0
100160,OCx@@@@@@@@@@@@,    ,     7.2,     7.0,     7.7,     7.4,     7.2,     6.7,     6.4,     6.5,     6.5,     6.0,     5.5,     4.9,     5.9,     6.5,     6.2,     5.9,     6.7,     7.5,     7.9,     8.5,     9.4,    10.0,     9.3,    10.1,    11.3,    11.5,    12.0,    11.9,    11.5,    11.0,    10.8,    10.8,    10.4,     9.9,     9.5,     9.3,     8.4,     8.0,     7.7,     7.4,     7.4,     7.5,     7.2,     7.2,     7.4,     6.9,     6.7,     6.5,     4.9,    12.0,     8.1,        
100161,OCx@@@@@@@@@@@@,%     ,    70.0,    71.0,    56.0,    62.0,    60.0,    63.0,    62.0,    64.0,    67.0,    75.0,    76.0,    78.0,    69.0,    68.0,    59.0,    71.0,    62.0,    52.0,    50.0,    45.0,    44.0,    39.0,    50.0,    43.0,    39.0,    39.0,    35.0,    37.0,    39.0,    39.0,    39.0,    41.0,    42.0,    45.0,    46.0,    48.0,    51.0,    52.0,    54.0,    54.0,    54.0,    52.0,    49.0,    49.0,    53.0,    54.0,    52.0,    56.0,    35.0,    78.0,    53.6,        
