f}hf[^,2018N,04,03
@,@,P,0:30,1:00,1:30,2:00,2:30,3:00,3:30,4:00,4:30,5:00,5:30,6:00,6:30,7:00,7:30,8:00,8:30,9:00,9:30,10:00,10:30,11:00,11:30,12:00,12:30,13:00,13:30,14:00,14:30,15:00,15:30,16:00,16:30,17:00,17:30,18:00,18:30,19:00,19:30,20:00,20:30,21:00,21:30,22:00,22:30,23:00,23:30,0:00,l,l,l,vl
 90103,番菔呓dd@@@@@@@,kWH   ,     357,     355,     358,     355,     363,     367,     353,     355,     353,     357,     346,     343,     346,     360,     362,     341,     401,     492,     607,     619,     636,     636,     641,     655,     660,     658,     696,     712,     706,     713,     696,     689,     667,     672,     593,     578,     569,     535,     490,     468,     451,     434,     432,     418,     386,     377,     365,     360,     341,     713,     493,   23683
 90104,挤菔呓dd@@@@@@@,kWH   ,     146,     141,     139,     138,     143,     143,     138,     138,     143,     141,     144,     143,     147,     148,     159,     161,     180,     218,     275,     285,     309,     312,     323,     330,     324,     325,     325,     320,     299,     275,     276,     270,     266,     261,     247,     241,     244,     247,     238,     226,     218,     204,     188,     168,     152,     152,     150,     146,     138,     330,     215,   10306
100201,nd@@@@@@@@,kWH   ,   117.0,   117.0,   118.0,   118.0,   124.0,   131.0,   117.0,   119.0,   117.0,   119.0,   124.0,   122.0,   126.0,   138.0,   151.0,   136.0,   161.0,   190.0,   223.0,   240.0,   243.0,   244.0,   241.0,   257.0,   270.0,   259.0,   269.0,   273.0,   269.0,   287.0,   275.0,   272.0,   260.0,   258.0,   247.0,   247.0,   243.0,   210.0,   182.0,   173.0,   166.0,   158.0,   148.0,   146.0,   136.0,   124.0,   117.0,   120.0,   117.0,   287.0,   185.5,  8902.0
100202,nd@@@@@@@@,kWH   ,    68.0,    66.0,    67.0,    66.0,    66.0,    67.0,    66.0,    66.0,    66.0,    67.0,    57.0,    51.0,    48.0,    50.0,    45.0,    39.0,    53.0,    95.0,   181.0,   180.0,   189.0,   182.0,   176.0,   177.0,   176.0,   185.0,   204.0,   205.0,   203.0,   189.0,   188.0,   184.0,   181.0,   179.0,   118.0,   105.0,    99.0,   100.0,    94.0,    84.0,    78.0,    76.0,    85.0,    84.0,    75.0,    71.0,    70.0,    70.0,    39.0,   205.0,   110.2,  5291.0
100203,knd@@@@@@@@,kWH   ,    92.0,    90.0,    90.0,    90.0,    92.0,    90.0,    88.0,    89.0,    90.0,    90.0,    91.0,    88.0,    89.0,    89.0,    90.0,    90.0,    94.0,    97.0,   106.0,   104.0,   112.0,   119.0,   120.0,   122.0,   123.0,   120.0,   120.0,   129.0,   129.0,   127.0,   131.0,   128.0,   126.0,   134.0,   130.0,   126.0,   124.0,   126.0,   119.0,   114.0,   113.0,   107.0,   103.0,   101.0,    97.0,    95.0,    93.0,    90.0,    88.0,   134.0,   106.6,  5117.0
100205,6d @@@@@@@@,kWH   ,     5.0,     6.0,     6.0,     5.0,     6.0,     5.0,     5.0,     6.0,     5.0,     5.0,     6.0,     5.0,     6.0,     5.0,     5.0,     4.0,     5.0,     5.0,     5.0,     5.0,     5.0,     7.0,     6.0,     7.0,     6.0,     7.0,     7.0,     7.0,     7.0,     8.0,     8.0,     9.0,     8.0,     9.0,     9.0,     8.0,     9.0,     8.0,     8.0,     7.0,     8.0,     7.0,     7.0,     6.0,     7.0,     6.0,     7.0,     6.0,     4.0,     9.0,     6.4,   309.0
100206,16d@@@@@@@@,kWH   ,    28.0,    29.0,    29.0,    28.0,    28.0,    27.0,    29.0,    28.0,    28.0,    28.0,    28.0,    28.0,    28.0,    29.0,    28.0,    28.0,    29.0,    32.0,    36.0,    38.0,    38.0,    40.0,    41.0,    42.0,    39.0,    41.0,    44.0,    46.0,    46.0,    45.0,    45.0,    46.0,    45.0,    46.0,    46.0,    46.0,    44.0,    44.0,    42.0,    40.0,    41.0,    38.0,    36.0,    34.0,    34.0,    34.0,    30.0,    28.0,    27.0,    46.0,    36.0,  1727.0
100208,2d @@@@@@@@@@,kWH   ,    14.0,    14.0,    14.0,    14.0,    20.0,    27.0,    15.0,    14.0,    14.0,    15.0,    15.0,    14.0,    18.0,    26.0,    39.0,    25.0,    26.0,    31.0,    38.0,    46.0,    48.0,    41.0,    40.0,    46.0,    56.0,    48.0,    41.0,    40.0,    41.0,    53.0,    47.0,    37.0,    35.0,    33.0,    31.0,    34.0,    42.0,    27.0,    24.0,    21.0,    20.0,    19.0,    19.0,    25.0,    25.0,    16.0,    15.0,    15.0,    14.0,    56.0,    28.7,  1378.0
100209,1d @@@@@@@@@@,kWH   ,     2.0,     2.0,     2.0,     2.0,     2.0,     2.0,     2.0,     2.0,     2.0,     3.0,     2.0,     2.0,     3.0,     3.0,     4.0,     3.0,     6.0,    13.0,    15.0,    16.0,    17.0,    17.0,    16.0,    16.0,    17.0,    16.0,    18.0,    16.0,    15.0,    17.0,    17.0,    16.0,    16.0,    16.0,    14.0,    14.0,    14.0,    13.0,    13.0,    10.0,     9.0,     9.0,     9.0,     7.0,     5.0,     5.0,     3.0,     3.0,     2.0,    18.0,     9.3,   446.0
100210,5d @@@@@@@@@@,kWH   ,    14.0,    15.0,    13.0,    14.0,    14.0,    14.0,    15.0,    14.0,    14.0,    14.0,    15.0,    15.0,    15.0,    15.0,    15.0,    15.0,    18.0,    16.0,    20.0,    21.0,    20.0,    21.0,    23.0,    25.0,    23.0,    24.0,    26.0,    25.0,    26.0,    26.0,    26.0,    31.0,    26.0,    27.0,    25.0,    21.0,    20.0,    20.0,    19.0,    19.0,    19.0,    18.0,    17.0,    17.0,    14.0,    15.0,    14.0,    15.0,    13.0,    31.0,    18.9,   908.0
100211,378d @@@@@@@@,kWH   ,    35.0,    38.0,    38.0,    40.0,    38.0,    39.0,    38.0,    39.0,    39.0,    38.0,    39.0,    38.0,    39.0,    40.0,    40.0,    38.0,    38.0,    41.0,    46.0,    46.0,    45.0,    46.0,    47.0,    48.0,    51.0,    47.0,    56.0,    64.0,    63.0,    72.0,    68.0,    72.0,    69.0,    69.0,    67.0,    63.0,    65.0,    58.0,    50.0,    49.0,    48.0,    47.0,    46.0,    45.0,    44.0,    38.0,    39.0,    39.0,    35.0,    72.0,    48.0,  2302.0
100212,1920d @@@@@@@@,kWH   ,    18.0,    16.0,    17.0,    18.0,    17.0,    18.0,    17.0,    17.0,    17.0,    17.0,    21.0,    19.0,    18.0,    20.0,    18.0,    18.0,    23.0,    26.0,    37.0,    38.0,    38.0,    44.0,    40.0,    44.0,    42.0,    43.0,    46.0,    45.0,    42.0,    36.0,    38.0,    39.0,    39.0,    35.0,    35.0,    40.0,    31.0,    31.0,    25.0,    23.0,    22.0,    19.0,    18.0,    17.0,    16.0,    16.0,    14.0,    15.0,    14.0,    46.0,    27.1,  1303.0
100213,10d@@@@@@@@@@,kWH   ,     3.0,     4.0,     4.0,     4.0,     4.0,     4.0,     4.0,     4.0,     3.0,     4.0,     4.0,     4.0,     4.0,     4.0,     4.0,     5.0,     6.0,     7.0,     9.0,    11.0,    10.0,     9.0,    11.0,    12.0,    11.0,    11.0,    13.0,    15.0,    14.0,    13.0,    14.0,    12.0,    13.0,    11.0,    11.0,     9.0,    10.0,    11.0,    10.0,    10.0,     8.0,     8.0,     6.0,     6.0,     5.0,     4.0,     5.0,     4.0,     3.0,    15.0,     7.8,   372.0
100214,番菔呓踢谆蕙15d@@@@,kWH   ,     8.0,     9.0,     8.0,     8.0,     9.0,     8.0,     8.0,     8.0,     8.0,     9.0,    10.0,     8.0,    11.0,    11.0,    12.0,    10.0,    25.0,    35.0,    38.0,    41.0,    42.0,    43.0,    43.0,    42.0,    50.0,    46.0,    47.0,    45.0,    45.0,    49.0,    44.0,    44.0,    41.0,    42.0,    42.0,    44.0,    38.0,    30.0,    21.0,    19.0,    20.0,    19.0,    13.0,     9.0,     8.0,     8.0,     9.0,     9.0,     8.0,    50.0,    24.9,  1196.0
100215,33d@@@@@@@@@@,kWH   ,    27.0,    26.0,    25.0,    26.0,    25.0,    26.0,    25.0,    25.0,    26.0,    26.0,    27.0,    25.0,    26.0,    26.0,    27.0,    27.0,    28.0,    27.0,    30.0,    30.0,    33.0,    35.0,    36.0,    35.0,    34.0,    34.0,    34.0,    37.0,    35.0,    38.0,    39.0,    38.0,    37.0,    36.0,    36.0,    35.0,    34.0,    36.0,    34.0,    32.0,    31.0,    30.0,    28.0,    29.0,    28.0,    28.0,    27.0,    26.0,    25.0,    39.0,    30.5,  1465.0
100216,1711d @@@@@@@@,kWH   ,    17.0,    18.0,    18.0,    18.0,    18.0,    18.0,    18.0,    18.0,    18.0,    18.0,    18.0,    18.0,    18.0,    17.0,    16.0,    16.0,    15.0,    18.0,    19.0,    19.0,    19.0,    19.0,    18.0,    19.0,    20.0,    18.0,    18.0,    19.0,    19.0,    19.0,    21.0,    22.0,    22.0,    25.0,    23.0,    24.0,    23.0,    25.0,    24.0,    23.0,    24.0,    22.0,    21.0,    21.0,    18.0,    18.0,    18.0,    18.0,    15.0,    25.0,    19.4,   933.0
100217,3031d @@@@@@@@,kWH   ,    32.0,    32.0,    33.0,    32.0,    32.0,    33.0,    30.0,    33.0,    32.0,    30.0,    32.0,    32.0,    31.0,    32.0,    33.0,    34.0,    38.0,    37.0,    43.0,    41.0,    45.0,    47.0,    48.0,    51.0,    52.0,    49.0,    50.0,    54.0,    55.0,    52.0,    51.0,    50.0,    48.0,    55.0,    52.0,    49.0,    47.0,    46.0,    43.0,    41.0,    41.0,    37.0,    37.0,    35.0,    32.0,    32.0,    33.0,    31.0,    30.0,    55.0,    40.3,  1935.0
100218,32d@@@@@@@@@@,kWH   ,    14.0,    14.0,    14.0,    14.0,    15.0,    14.0,    14.0,    13.0,    14.0,    14.0,    14.0,    13.0,    13.0,    14.0,    13.0,    14.0,    13.0,    13.0,    14.0,    14.0,    14.0,    17.0,    17.0,    17.0,    17.0,    17.0,    18.0,    18.0,    18.0,    18.0,    18.0,    18.0,    17.0,    19.0,    18.0,    18.0,    19.0,    18.0,    17.0,    18.0,    16.0,    17.0,    17.0,    16.0,    17.0,    16.0,    16.0,    14.0,    13.0,    19.0,    15.7,   755.0
100219,w段百9d @@@@,kWH   ,     6.0,     6.0,     6.0,     6.0,     6.0,     6.0,     5.0,     6.0,     6.0,     6.0,     6.0,     6.0,     6.0,     5.0,     6.0,     7.0,     8.0,     9.0,    11.0,    12.0,    12.0,    12.0,    13.0,    11.0,    11.0,    11.0,    10.0,    10.0,    10.0,     9.0,     8.0,     8.0,     7.0,     8.0,     8.0,     6.0,     6.0,     6.0,     6.0,     7.0,     6.0,     6.0,     7.0,     6.0,     5.0,     6.0,     6.0,     6.0,     5.0,    13.0,     7.5,   362.0
100220,}d@@@@@@@@@@,kWH   ,     2.0,     2.0,     3.0,     2.0,     3.0,     3.0,     2.0,     3.0,     3.0,     3.0,     3.0,     3.0,     3.0,     3.0,     3.0,     3.0,     4.0,    10.0,    27.0,    31.0,    37.0,    37.0,    37.0,    37.0,    32.0,    33.0,    37.0,    37.0,    36.0,    34.0,    32.0,    32.0,    30.0,    19.0,     8.0,     7.0,     6.0,     6.0,     6.0,     5.0,     3.0,     4.0,     4.0,     3.0,     3.0,     3.0,     4.0,     3.0,     2.0,    37.0,    13.6,   651.0
100221,}Vd@@@@@@@@,kWH   ,     3.0,     3.0,     3.0,     3.0,     4.0,     3.0,     4.0,     3.0,     3.0,     3.0,     3.0,     3.0,     4.0,     3.0,     3.0,     3.0,     3.0,     5.0,    12.0,    11.0,    12.0,    12.0,    11.0,    12.0,    10.0,    13.0,    13.0,    11.0,    12.0,    11.0,    13.0,    11.0,    13.0,     9.0,     3.0,     5.0,     4.0,     4.0,     4.0,     3.0,     4.0,     3.0,     4.0,     3.0,     4.0,     3.0,     4.0,     3.0,     3.0,    13.0,     6.2,   296.0
100222,21d@@@@@@@@@@,kWH   ,     7.0,     7.0,     7.0,     8.0,     6.0,     7.0,     7.0,     7.0,     7.0,     7.0,     6.0,     7.0,     6.0,     7.0,     7.0,     7.0,     9.0,    12.0,    18.0,    18.0,    18.0,    17.0,    18.0,    18.0,    20.0,    20.0,    22.0,    20.0,    21.0,    20.0,    16.0,    15.0,    15.0,    12.0,    12.0,    12.0,    12.0,    12.0,    12.0,    12.0,    11.0,    11.0,    11.0,     9.0,     8.0,     8.0,     9.0,     8.0,     6.0,    22.0,    11.8,   566.0
100223,22()d@@@@@@@@,kWH   ,     1.0,     1.0,     2.0,     1.0,     2.0,     1.0,     1.0,     2.0,     1.0,     2.0,     1.0,     1.0,     2.0,     1.0,     2.0,     1.0,     2.0,     2.0,     9.0,    13.0,    11.0,    13.0,    11.0,    15.0,    17.0,    21.0,    20.0,    22.0,    22.0,    20.0,    21.0,    17.0,    18.0,    13.0,     4.0,     2.0,     3.0,     2.0,     2.0,     2.0,     1.0,     2.0,     1.0,     2.0,     1.0,     2.0,     1.0,     2.0,     1.0,    22.0,     6.6,   316.0
100224,24(窬堇)d@@@,kWH   ,    14.0,    14.0,    15.0,    14.0,    14.0,    15.0,    14.0,    14.0,    14.0,    14.0,    15.0,    15.0,    14.0,    14.0,    15.0,    14.0,    15.0,    16.0,    16.0,    19.0,    19.0,    18.0,    18.0,    21.0,    20.0,    21.0,    23.0,    24.0,    22.0,    22.0,    23.0,    22.0,    20.0,    20.0,    16.0,    14.0,    15.0,    15.0,    15.0,    15.0,    14.0,    15.0,    14.0,    15.0,    14.0,    14.0,    15.0,    14.0,    14.0,    24.0,    16.5,   793.0
100225,23(鼗傲据腊)d@@@@@,kWH   ,     5.0,     5.0,     5.0,     4.0,     5.0,     5.0,     5.0,     4.0,     6.0,     4.0,     5.0,     5.0,     4.0,     5.0,     4.0,     4.0,     6.0,     5.0,     7.0,     8.0,     7.0,     8.0,     7.0,     9.0,     7.0,     8.0,     7.0,     9.0,     7.0,     8.0,     8.0,     8.0,     9.0,     9.0,     8.0,     6.0,     7.0,     7.0,     6.0,     8.0,     6.0,     7.0,     7.0,     6.0,     6.0,     4.0,     5.0,     4.0,     4.0,     9.0,     6.2,   299.0
100226,矣乇傥百d@@@@@@@@@,kWH   ,     1.0,     2.0,     2.0,     2.0,     2.0,     1.0,     2.0,     2.0,     2.0,     1.0,     2.0,     2.0,     2.0,     1.0,     2.0,     1.0,     4.0,    20.0,    20.0,    21.0,    21.0,    20.0,    21.0,    21.0,    21.0,    27.0,    37.0,    36.0,    36.0,    35.0,    26.0,    20.0,    11.0,    28.0,     2.0,     1.0,     2.0,     4.0,     4.0,     4.0,     3.0,     4.0,     4.0,     4.0,     2.0,     1.0,     2.0,     2.0,     1.0,    37.0,    10.2,   491.0
100227,绁痪堇d @@@@@@,kWH   ,    13.0,    15.0,    14.0,    15.0,    14.0,    14.0,    14.0,    15.0,    13.0,    15.0,     3.0,     0.0,     0.0,     0.0,     0.0,     0.0,     0.0,     0.0,     2.0,     0.0,     0.0,     0.0,     0.0,     0.0,     0.0,     0.0,     0.0,     0.0,     0.0,     0.0,     0.0,     3.0,     5.0,    12.0,    15.0,    14.0,    14.0,    14.0,    12.0,     3.0,     3.0,     2.0,    12.0,    16.0,    14.0,    13.0,    15.0,    13.0,     0.0,    16.0,     6.8,   327.0
100228,5Od @@@@@@@@,kWH   ,    18.0,    18.0,    17.0,    18.0,    18.0,    17.0,    18.0,    19.0,    17.0,    17.0,    18.0,    18.0,    17.0,    18.0,    18.0,    17.0,    17.0,    19.0,    17.0,    18.0,    18.0,    19.0,    19.0,    18.0,    19.0,    19.0,    21.0,    18.0,    20.0,    19.0,    19.0,    19.0,    18.0,    21.0,    18.0,    20.0,    19.0,    17.0,    17.0,    18.0,    18.0,    18.0,    17.0,    18.0,    18.0,    18.0,    16.0,    18.0,    16.0,    21.0,    18.1,   871.0
100229,}()d@@@@@@@,kWH   ,     1.0,     2.0,     1.0,     2.0,     1.0,     2.0,     1.0,     2.0,     2.0,     1.0,     1.0,     2.0,     1.0,     2.0,     2.0,     0.0,     2.0,     1.0,    12.0,     3.0,     4.0,     3.0,     4.0,     3.0,     3.0,     3.0,     3.0,     3.0,     3.0,     3.0,     4.0,     3.0,     3.0,     2.0,     3.0,     1.0,     1.0,     2.0,     1.0,     2.0,     2.0,     1.0,     2.0,     1.0,     2.0,     2.0,     1.0,     2.0,     0.0,    12.0,     2.2,   108.0
100230,22()d@@@@@@@@,kWH   ,     0.0,     1.0,     1.0,     1.0,     1.0,     0.0,     1.0,     1.0,     1.0,     0.0,     1.0,     1.0,     1.0,     1.0,     0.0,     2.0,     1.0,     1.0,     1.0,     2.0,     1.0,     2.0,     2.0,     2.0,     1.0,     2.0,     2.0,     2.0,     2.0,     1.0,     2.0,     2.0,     2.0,     2.0,     1.0,     2.0,     1.0,     1.0,     2.0,     1.0,     1.0,     1.0,     2.0,     1.0,     1.0,     1.0,     1.0,     1.0,     0.0,     2.0,     1.2,    60.0
100231,25d@@@@@@@@,kWH   ,    11.0,    12.0,    11.0,    11.0,    11.0,    12.0,    11.0,    11.0,    11.0,    11.0,    11.0,    13.0,    13.0,    14.0,    21.0,    24.0,    24.0,    27.0,    44.0,    36.0,    38.0,    39.0,    43.0,    45.0,    51.0,    53.0,    50.0,    47.0,    44.0,    39.0,    41.0,    39.0,    38.0,    40.0,    31.0,    27.0,    26.0,    28.0,    27.0,    26.0,    25.0,    23.0,    21.0,    16.0,    13.0,    12.0,    12.0,    13.0,    11.0,    53.0,    26.0,  1246.0
100232,皋壮菽d @@@@@@@,kWH   ,    19.0,    19.0,    15.0,    15.0,    16.0,    18.0,    15.0,    15.0,    16.0,    18.0,    16.0,    17.0,    18.0,    20.0,    15.0,    15.0,    19.0,    26.0,    39.0,    47.0,    55.0,    56.0,    57.0,    61.0,    59.0,    58.0,    54.0,    53.0,    48.0,    49.0,    47.0,    48.0,    44.0,    45.0,    46.0,    51.0,    52.0,    57.0,    59.0,    58.0,    57.0,    51.0,    39.0,    30.0,    21.0,    19.0,    21.0,    18.0,    15.0,    61.0,    35.6,  1711.0
100233,70d@@@@@@@@,kWH   ,     5.0,     6.0,     6.0,     6.0,     7.0,     6.0,     5.0,     6.0,     6.0,     6.0,     6.0,     6.0,     6.0,     6.0,     8.0,     7.0,    11.0,    16.0,    19.0,    22.0,    21.0,    22.0,    20.0,    21.0,    23.0,    24.0,    23.0,    23.0,    24.0,    20.0,    22.0,    21.0,    20.0,    18.0,    17.0,    17.0,    17.0,    15.0,    13.0,    12.0,    11.0,    10.0,     9.0,     9.0,     7.0,     6.0,     6.0,     6.0,     5.0,    24.0,    13.0,   623.0
100234,50d@@@@@@@@,kWH   ,    84.0,    84.0,    84.0,    83.0,    86.0,    85.0,    83.0,    82.0,    87.0,    83.0,    86.0,    86.0,    85.0,    86.0,    88.0,    91.0,    96.0,   120.0,   146.0,   159.0,   166.0,   172.0,   174.0,   183.0,   175.0,   170.0,   178.0,   173.0,   168.0,   148.0,   142.0,   140.0,   142.0,   138.0,   129.0,   129.0,   121.0,   125.0,   118.0,   107.0,    99.0,    96.0,    93.0,    92.0,    88.0,    87.0,    84.0,    87.0,    82.0,   183.0,   116.8,  5608.0
100235,5051d @@@@@@@@,kWH   ,    41.0,    42.0,    41.0,    40.0,    43.0,    43.0,    40.0,    44.0,    45.0,    45.0,    44.0,    45.0,    44.0,    47.0,    45.0,    48.0,    50.0,    74.0,    95.0,   102.0,   103.0,   110.0,   110.0,   116.0,   112.0,   109.0,   119.0,   112.0,   105.0,    90.0,    80.0,    82.0,    81.0,    79.0,    72.0,    73.0,    70.0,    72.0,    67.0,    55.0,    52.0,    50.0,    48.0,    46.0,    44.0,    43.0,    42.0,    43.0,    40.0,   119.0,    66.7,  3203.0
100236,53(n)d@@@@@@@,kWH   ,    30.0,    30.0,    31.0,    30.0,    30.0,    30.0,    30.0,    26.0,    31.0,    26.0,    30.0,    28.0,    28.0,    28.0,    29.0,    31.0,    33.0,    33.0,    35.0,    36.0,    34.0,    35.0,    37.0,    37.0,    37.0,    41.0,    39.0,    39.0,    39.0,    39.0,    40.0,    38.0,    42.0,    39.0,    38.0,    39.0,    34.0,    38.0,    36.0,    36.0,    33.0,    33.0,    33.0,    31.0,    32.0,    32.0,    31.0,    30.0,    26.0,    42.0,    33.7,  1617.0
100237,52d@@@@@@@@@@,kWH   ,     1.0,     1.0,     2.0,     1.0,     2.0,     1.0,     2.0,     1.0,     1.0,     2.0,     1.0,     2.0,     1.0,     2.0,     2.0,     2.0,     1.0,     2.0,     3.0,     2.0,     3.0,     2.0,     2.0,     3.0,     3.0,     3.0,     3.0,     3.0,     3.0,     3.0,     3.0,     3.0,     4.0,     3.0,     3.0,     3.0,     3.0,     2.0,     3.0,     2.0,     2.0,     2.0,     2.0,     3.0,     1.0,     2.0,     2.0,     2.0,     1.0,     4.0,     2.2,   105.0
100238,疼菝ūd@@@@@@@,kWH   ,        ,        ,        ,        ,        ,        ,        ,        ,        ,        ,        ,        ,        ,        ,        ,        ,        ,        ,        ,        ,        ,        ,        ,        ,        ,        ,        ,        ,        ,        ,        ,        ,        ,        ,        ,        ,        ,        ,        ,        ,        ,        ,        ,        ,        ,        ,        ,        ,        ,        ,        ,        
100239,dd@@@@@@@,kWH   ,     0.0,     0.0,     1.0,     0.0,     1.0,     0.0,     1.0,     0.0,     1.0,     0.0,     1.0,     0.0,     1.0,     0.0,     0.0,     1.0,     0.0,     1.0,     0.0,     1.0,     0.0,     1.0,     0.0,     1.0,     1.0,     0.0,     1.0,     1.0,     0.0,     1.0,     1.0,     1.0,     0.0,     1.0,     1.0,     0.0,     1.0,     0.0,     1.0,     0.0,     1.0,     0.0,     1.0,     0.0,     0.0,     1.0,     0.0,     1.0,     0.0,     1.0,     0.5,    25.0
100240,d@@@@@@@@@@,kWH   ,     0.0,     0.0,     0.0,     0.0,     0.0,     0.0,     0.0,     0.0,     0.0,     0.0,     0.0,     0.0,     0.0,     0.0,     0.0,     1.0,     1.0,     4.0,     7.0,     9.0,    15.0,    14.0,    14.0,    14.0,    14.0,    13.0,    14.0,    14.0,    14.0,    14.0,    14.0,    13.0,    14.0,    11.0,    11.0,    10.0,    10.0,    12.0,    13.0,    14.0,    13.0,    11.0,     9.0,     6.0,     1.0,     0.0,     0.0,     0.0,     0.0,    15.0,     6.8,   324.0
100241,皋壮菽d @@@@@@@@@,kWH   ,     0.0,     0.0,     0.0,     0.0,     0.0,     0.0,     0.0,     0.0,     0.0,     0.0,     0.0,     0.0,     0.0,     0.0,     0.0,     0.0,     0.0,     0.0,     0.0,     0.0,     0.0,     0.0,     0.0,     0.0,     0.0,     0.0,     0.0,     0.0,     0.0,     0.0,     0.0,     0.0,     0.0,     0.0,     0.0,     0.0,     0.0,     0.0,     0.0,     0.0,     0.0,     0.0,     0.0,     0.0,     0.0,     0.0,     0.0,     0.0,     0.0,     0.0,     0.0,     0.0
100242,29(缸剔セ案偬咦晦)d@@,kWH   ,     1.0,     2.0,     2.0,     2.0,     2.0,     2.0,     2.0,     2.0,     2.0,     1.0,     2.0,     2.0,     2.0,     2.0,     1.0,     2.0,     2.0,     4.0,     5.0,     5.0,     5.0,     6.0,     5.0,     6.0,     6.0,     6.0,     5.0,     6.0,     6.0,     5.0,     6.0,     5.0,     5.0,     6.0,     5.0,     5.0,     5.0,     7.0,     6.0,     6.0,     6.0,     6.0,     6.0,     5.0,     2.0,     2.0,     2.0,     2.0,     1.0,     7.0,     3.9,   188.0
100243,闷胶澳d@@@@@@@@@@,kWH   ,     0.0,     0.0,     0.0,     0.0,     0.0,     0.0,     0.0,     0.0,     0.0,     0.0,     0.0,     0.0,     0.0,     0.0,     0.0,     0.0,     0.0,     0.0,     0.0,     0.0,     0.0,     0.0,     0.0,     0.0,     0.0,     0.0,     0.0,     0.0,     0.0,     0.0,     0.0,     0.0,     0.0,     0.0,     0.0,     0.0,     0.0,     0.0,     0.0,     0.0,     0.0,     0.0,     0.0,     0.0,     0.0,     0.0,     0.0,     0.0,     0.0,     0.0,     0.0,     0.0
100244,53()d@@@@@@@,kWH   ,     2.0,     3.0,     2.0,     2.0,     3.0,     3.0,     2.0,     2.0,     3.0,     2.0,     3.0,     2.0,     3.0,     2.0,     3.0,     3.0,     4.0,     4.0,     4.0,     5.0,     8.0,     7.0,     6.0,     8.0,     5.0,     5.0,     5.0,     8.0,     9.0,     5.0,     7.0,     4.0,     5.0,     5.0,     5.0,     4.0,     3.0,     4.0,     4.0,     4.0,     3.0,     3.0,     2.0,     3.0,     2.0,     3.0,     2.0,     3.0,     2.0,     9.0,     3.9,   189.0
100245,`d@@@@@@@,kWH   ,     0.0,     0.0,     0.0,     0.0,     0.0,     0.0,     0.0,     0.0,     0.0,     0.0,     0.0,     0.0,     0.0,     0.0,     0.0,     0.0,     0.0,     0.0,     0.0,     0.0,     0.0,     0.0,     0.0,     0.0,     0.0,     0.0,     0.0,     0.0,     0.0,     1.0,     0.0,     0.0,     0.0,     0.0,     1.0,     0.0,     0.0,     0.0,     0.0,     0.0,     0.0,     0.0,     0.0,     0.0,     0.0,     0.0,     0.0,     0.0,     0.0,     1.0,     0.0,     2.0
100246,72d@@@@@@@@@@,kWH   ,     0.0,     0.0,     0.0,     1.0,     0.0,     1.0,     0.0,     0.0,     1.0,     0.0,     1.0,     0.0,     0.0,     1.0,     1.0,     1.0,     2.0,     2.0,     3.0,     3.0,     2.0,     3.0,     2.0,     2.0,     3.0,     4.0,     3.0,     3.0,     4.0,     2.0,     3.0,     3.0,     3.0,     2.0,     3.0,     1.0,     2.0,     2.0,     2.0,     1.0,     1.0,     1.0,     0.0,     1.0,     1.0,     0.0,     0.0,     1.0,     0.0,     4.0,     1.5,    72.0
100247,()d@@@@@@@,kWH   ,     0.0,     0.0,     0.0,     0.0,     0.0,     0.0,     0.0,     0.0,     0.0,     0.0,     0.0,     0.0,     0.0,     0.0,     0.0,     0.0,     0.0,     0.0,     0.0,     0.0,     0.0,     0.0,     0.0,     0.0,     0.0,     0.0,     0.0,     0.0,     0.0,     0.0,     0.0,     0.0,     0.0,     0.0,     0.0,     0.0,     0.0,     0.0,     0.0,     0.0,     0.0,     0.0,     0.0,     0.0,     0.0,     0.0,     0.0,     0.0,     0.0,     0.0,     0.0,     0.0
100248,55d@@@@@@@@@@,kWH   ,     8.0,     9.0,     9.0,     9.0,     9.0,     9.0,     8.0,     9.0,     9.0,     9.0,     9.0,     8.0,     9.0,     9.0,     9.0,     8.0,     8.0,     7.0,     9.0,    13.0,    16.0,    18.0,    17.0,    17.0,    17.0,    13.0,    10.0,    10.0,    11.0,    10.0,    11.0,    12.0,    11.0,    11.0,    11.0,    10.0,     9.0,     9.0,     9.0,     9.0,     8.0,     9.0,     8.0,     9.0,     8.0,     8.0,     9.0,     8.0,     7.0,    18.0,    10.1,   485.0
100249,7071d @@@@@@@@,kWH   ,     6.0,     7.0,     7.0,     7.0,     7.0,     6.0,     7.0,     7.0,     6.0,     7.0,     7.0,     7.0,     7.0,     6.0,     7.0,     8.0,    11.0,    15.0,    18.0,    20.0,    20.0,    20.0,    20.0,    20.0,    21.0,    20.0,    21.0,    21.0,    21.0,    19.0,    20.0,    19.0,    18.0,    17.0,    16.0,    16.0,    17.0,    14.0,    13.0,    12.0,    10.0,    12.0,     9.0,     9.0,     8.0,     7.0,     7.0,     7.0,     6.0,    21.0,    12.6,   607.0
100250,d@@@@@@@@,kWH   ,     1.0,     1.0,     1.0,     1.0,     2.0,     1.0,     1.0,     1.0,     2.0,     1.0,     2.0,     3.0,     3.0,     3.0,     3.0,     1.0,     3.0,     3.0,     6.0,    10.0,    13.0,    15.0,    14.0,    14.0,    13.0,    15.0,    15.0,    13.0,     9.0,    11.0,    10.0,     9.0,     5.0,     5.0,     4.0,     3.0,     1.0,     2.0,     1.0,     2.0,     1.0,     1.0,     1.0,     2.0,     1.0,     2.0,     1.0,     1.0,     1.0,    15.0,     4.9,   233.0
100251,25d@@@@@@@@@@,kWH   ,    11.0,    13.0,    11.0,    11.0,    12.0,    11.0,    12.0,    11.0,    11.0,    12.0,    11.0,    14.0,    12.0,    15.0,    21.0,    25.0,    23.0,    28.0,    44.0,    36.0,    38.0,    39.0,    43.0,    44.0,    52.0,    52.0,    51.0,    47.0,    43.0,    39.0,    40.0,    39.0,    38.0,    40.0,    31.0,    28.0,    26.0,    28.0,    27.0,    26.0,    25.0,    24.0,    21.0,    16.0,    13.0,    13.0,    12.0,    13.0,    11.0,    52.0,    26.1,  1252.0
100252,14d@@@@@@@@,kWH   ,    11.0,    12.0,    12.0,    12.0,    11.0,    13.0,    11.0,    12.0,    13.0,    12.0,    13.0,    12.0,    11.0,    12.0,    10.0,    10.0,    11.0,    11.0,    16.0,    16.0,    16.0,    19.0,    19.0,    18.0,    16.0,    18.0,    19.0,    22.0,    24.0,    22.0,    24.0,    23.0,    24.0,    24.0,    22.0,    22.0,    21.0,    22.0,    20.0,    19.0,    17.0,    16.0,    15.0,    15.0,    14.0,    13.0,    13.0,    13.0,    10.0,    24.0,    16.1,   771.0
100253,d@@@@@@@@@@,kWH   ,    18.0,    18.0,    13.0,    14.0,    15.0,    17.0,    13.0,    14.0,    14.0,    17.0,    14.0,    14.0,    14.0,    17.0,    13.0,    13.0,    13.0,    18.0,    22.0,    23.0,    24.0,    22.0,    25.0,    28.0,    28.0,    25.0,    21.0,    21.0,    20.0,    20.0,    20.0,    21.0,    22.0,    24.0,    28.0,    34.0,    35.0,    38.0,    38.0,    38.0,    38.0,    33.0,    23.0,    19.0,    17.0,    15.0,    19.0,    16.0,    13.0,    38.0,    21.4,  1026.0
100254,ssd@@@@@@@@,kWH   ,     4.0,     5.0,     4.0,     4.0,     4.0,     3.0,     5.0,     4.0,     4.0,     5.0,     4.0,     4.0,     5.0,     4.0,     4.0,     3.0,     6.0,    10.0,    23.0,    24.0,    23.0,    25.0,    24.0,    22.0,    20.0,    18.0,    19.0,    18.0,    20.0,    18.0,    22.0,    22.0,    25.0,    23.0,    21.0,    18.0,    15.0,    13.0,    12.0,    10.0,    10.0,    10.0,     9.0,     8.0,     8.0,     6.0,     5.0,     6.0,     3.0,    25.0,    12.1,   579.0
100160,OCx@@@@@@@@@@@@,    ,    16.8,    16.0,    15.9,    15.8,    15.0,    15.3,    15.0,    14.8,    14.5,    14.5,    14.4,    14.4,    14.4,    14.6,    15.3,    16.3,    17.5,    18.1,    18.6,    19.3,    20.5,    21.3,    22.1,    23.1,    24.8,    25.6,    26.3,    25.8,    26.1,    26.0,    25.8,    25.3,    25.3,    24.8,    24.3,    24.0,    23.1,    22.5,    21.8,    20.8,    20.1,    19.6,    19.3,    19.3,    18.8,    18.5,    17.8,    17.6,    14.4,    26.3,    19.7,        
100161,OCx@@@@@@@@@@@@,%     ,    60.0,    63.0,    63.0,    63.0,    67.0,    65.0,    66.0,    67.0,    69.0,    68.0,    69.0,    68.0,    69.0,    70.0,    69.0,    65.0,    61.0,    61.0,    59.0,    56.0,    50.0,    47.0,    45.0,    41.0,    36.0,    33.0,    32.0,    33.0,    32.0,    32.0,    31.0,    32.0,    31.0,    31.0,    33.0,    39.0,    42.0,    47.0,    48.0,    54.0,    55.0,    57.0,    58.0,    58.0,    61.0,    62.0,    66.0,    66.0,    31.0,    70.0,    53.1,        
