f}hf[^,2018N,04,01
@,@,P,0:30,1:00,1:30,2:00,2:30,3:00,3:30,4:00,4:30,5:00,5:30,6:00,6:30,7:00,7:30,8:00,8:30,9:00,9:30,10:00,10:30,11:00,11:30,12:00,12:30,13:00,13:30,14:00,14:30,15:00,15:30,16:00,16:30,17:00,17:30,18:00,18:30,19:00,19:30,20:00,20:30,21:00,21:30,22:00,22:30,23:00,23:30,0:00,l,l,l,vl
 90103,番菔呓dd@@@@@@@,kWH   ,     348,     348,     351,     350,     346,     352,     360,     370,     358,     360,     343,     343,     346,     333,     339,     326,     312,     300,     293,     285,     284,     292,     281,     279,     283,     283,     290,     291,     307,     334,     324,     333,     334,     345,     351,     350,     365,     372,     372,     362,     360,     360,     372,     368,     355,     362,     363,     350,     279,     372,     335,   16085
 90104,挤菔呓dd@@@@@@@,kWH   ,     134,     134,     136,     132,     134,     132,     132,     131,     133,     131,     131,     130,     141,     138,     151,     152,     154,     154,     154,     153,     152,     161,     157,     155,     157,     161,     157,     160,     161,     159,     162,     162,     163,     161,     165,     166,     207,     217,     216,     187,     173,     163,     163,     154,     149,     141,     147,     141,     130,     217,     154,    7404
100201,nd@@@@@@@@,kWH   ,   109.0,   112.0,   114.0,   115.0,   109.0,   119.0,   117.0,   122.0,   119.0,   115.0,   113.0,   120.0,   125.0,   120.0,   126.0,   130.0,   116.0,   115.0,   114.0,   115.0,   116.0,   125.0,   121.0,   116.0,   115.0,   115.0,   116.0,   116.0,   121.0,   132.0,   128.0,   125.0,   123.0,   125.0,   125.0,   123.0,   124.0,   131.0,   134.0,   122.0,   121.0,   121.0,   123.0,   116.0,   115.0,   119.0,   128.0,   113.0,   109.0,   134.0,   119.9,  5754.0
100202,nd@@@@@@@@,kWH   ,    67.0,    66.0,    66.0,    67.0,    66.0,    67.0,    74.0,    77.0,    76.0,    76.0,    67.0,    56.0,    51.0,    47.0,    43.0,    38.0,    30.0,    21.0,    18.0,    14.0,    10.0,     9.0,     8.0,     7.0,     8.0,     9.0,    12.0,    13.0,    18.0,    29.0,    30.0,    37.0,    40.0,    46.0,    52.0,    53.0,    58.0,    62.0,    63.0,    64.0,    62.0,    62.0,    74.0,    75.0,    70.0,    69.0,    68.0,    68.0,     7.0,    77.0,    47.1,  2263.0
100203,knd@@@@@@@@,kWH   ,    86.0,    86.0,    86.0,    85.0,    87.0,    86.0,    85.0,    84.0,    86.0,    85.0,    87.0,    86.0,    87.0,    87.0,    88.0,    86.0,    89.0,    86.0,    88.0,    85.0,    82.0,    84.0,    84.0,    83.0,    86.0,    84.0,    86.0,    85.0,    88.0,    88.0,    89.0,    89.0,    89.0,    90.0,    92.0,    91.0,    91.0,    91.0,    91.0,    92.0,    91.0,    90.0,    91.0,    88.0,    88.0,    88.0,    87.0,    88.0,    82.0,    92.0,    87.3,  4191.0
100205,6d @@@@@@@@,kWH   ,     5.0,     5.0,     5.0,     5.0,     4.0,     5.0,     5.0,     4.0,     5.0,     5.0,     5.0,     5.0,     4.0,     5.0,     4.0,     4.0,     3.0,     3.0,     3.0,     3.0,     3.0,     2.0,     3.0,     2.0,     3.0,     3.0,     4.0,     3.0,     4.0,     4.0,     5.0,     5.0,     5.0,     5.0,     5.0,     6.0,     6.0,     7.0,     5.0,     6.0,     6.0,     6.0,     5.0,     6.0,     6.0,     5.0,     6.0,     5.0,     2.0,     7.0,     4.5,   218.0
100206,16d@@@@@@@@,kWH   ,    29.0,    30.0,    30.0,    29.0,    29.0,    30.0,    29.0,    30.0,    29.0,    29.0,    30.0,    29.0,    30.0,    30.0,    29.0,    30.0,    30.0,    31.0,    31.0,    31.0,    31.0,    32.0,    30.0,    31.0,    31.0,    31.0,    30.0,    32.0,    34.0,    33.0,    33.0,    31.0,    31.0,    30.0,    31.0,    30.0,    32.0,    32.0,    31.0,    32.0,    31.0,    31.0,    30.0,    30.0,    31.0,    28.0,    29.0,    28.0,    28.0,    34.0,    30.4,  1461.0
100208,2d @@@@@@@@@@,kWH   ,    12.0,    12.0,    13.0,    11.0,    12.0,    11.0,    15.0,    22.0,    18.0,    11.0,    12.0,    12.0,    15.0,    13.0,    24.0,    26.0,    14.0,    13.0,    13.0,    12.0,    16.0,    25.0,    18.0,    12.0,    12.0,    13.0,    13.0,    12.0,    15.0,    24.0,    20.0,    13.0,    13.0,    12.0,    12.0,    12.0,    12.0,    20.0,    23.0,    12.0,    13.0,    12.0,    12.0,    12.0,    13.0,    18.0,    25.0,    13.0,    11.0,    26.0,    15.0,   718.0
100209,1d @@@@@@@@@@,kWH   ,     2.0,     2.0,     2.0,     2.0,     2.0,     2.0,     2.0,     2.0,     2.0,     2.0,     2.0,     3.0,     3.0,     3.0,     3.0,     3.0,     3.0,     4.0,     3.0,     3.0,     4.0,     3.0,     3.0,     4.0,     3.0,     3.0,     3.0,     3.0,     3.0,     3.0,     3.0,     3.0,     3.0,     3.0,     4.0,     4.0,     4.0,     5.0,     5.0,     4.0,     5.0,     5.0,     4.0,     5.0,     3.0,     4.0,     2.0,     2.0,     2.0,     5.0,     3.1,   150.0
100210,5d @@@@@@@@@@,kWH   ,    15.0,    14.0,    15.0,    14.0,    14.0,    19.0,    14.0,    15.0,    14.0,    15.0,    14.0,    15.0,    19.0,    16.0,    14.0,    16.0,    15.0,    15.0,    14.0,    15.0,    15.0,    14.0,    15.0,    15.0,    15.0,    14.0,    15.0,    14.0,    14.0,    16.0,    14.0,    15.0,    14.0,    14.0,    14.0,    13.0,    14.0,    15.0,    14.0,    14.0,    14.0,    14.0,    13.0,    15.0,    14.0,    15.0,    15.0,    14.0,    13.0,    19.0,    14.7,   704.0
100211,378d @@@@@@@@,kWH   ,    32.0,    36.0,    37.0,    36.0,    36.0,    36.0,    37.0,    35.0,    37.0,    37.0,    36.0,    36.0,    37.0,    38.0,    36.0,    35.0,    33.0,    32.0,    30.0,    32.0,    30.0,    31.0,    30.0,    29.0,    29.0,    29.0,    30.0,    31.0,    32.0,    33.0,    34.0,    37.0,    37.0,    38.0,    38.0,    38.0,    37.0,    39.0,    38.0,    38.0,    37.0,    39.0,    38.0,    38.0,    37.0,    37.0,    37.0,    37.0,    29.0,    39.0,    35.0,  1682.0
100212,1920d @@@@@@@@,kWH   ,    17.0,    17.0,    19.0,    18.0,    17.0,    19.0,    18.0,    17.0,    19.0,    18.0,    20.0,    22.0,    18.0,    18.0,    17.0,    17.0,    17.0,    18.0,    20.0,    20.0,    19.0,    19.0,    21.0,    22.0,    20.0,    21.0,    22.0,    23.0,    21.0,    22.0,    18.0,    18.0,    21.0,    20.0,    22.0,    21.0,    21.0,    17.0,    18.0,    16.0,    17.0,    19.0,    17.0,    15.0,    16.0,    16.0,    15.0,    16.0,    15.0,    23.0,    18.7,   899.0
100213,10d@@@@@@@@@@,kWH   ,     3.0,     4.0,     4.0,     4.0,     4.0,     4.0,     3.0,     4.0,     4.0,     4.0,     4.0,     4.0,     4.0,     3.0,     4.0,     5.0,     4.0,     5.0,     5.0,     4.0,     5.0,     5.0,     5.0,     5.0,     5.0,     5.0,     4.0,     5.0,     5.0,     5.0,     4.0,     5.0,     5.0,     5.0,     4.0,     4.0,     6.0,     5.0,     6.0,     6.0,     6.0,     5.0,     6.0,     6.0,     5.0,     4.0,     5.0,     4.0,     3.0,     6.0,     4.6,   220.0
100214,番菔呓踢谆蕙15d@@@@,kWH   ,     8.0,     7.0,     8.0,     9.0,     7.0,     8.0,     7.0,     8.0,     7.0,     7.0,     7.0,     8.0,     9.0,     9.0,     9.0,     9.0,    10.0,    10.0,     9.0,     9.0,     8.0,     9.0,    10.0,     9.0,     9.0,    10.0,     9.0,    10.0,    10.0,    10.0,    13.0,    13.0,    11.0,    13.0,    12.0,    11.0,    11.0,    11.0,    10.0,    10.0,    11.0,    10.0,     8.0,     8.0,     8.0,     8.0,     8.0,     7.0,     7.0,    13.0,     9.2,   442.0
100215,33d@@@@@@@@@@,kWH   ,    25.0,    25.0,    26.0,    26.0,    26.0,    27.0,    25.0,    26.0,    25.0,    26.0,    26.0,    26.0,    26.0,    26.0,    27.0,    27.0,    27.0,    28.0,    27.0,    28.0,    26.0,    28.0,    28.0,    28.0,    29.0,    28.0,    28.0,    28.0,    30.0,    28.0,    29.0,    28.0,    27.0,    27.0,    28.0,    28.0,    28.0,    26.0,    28.0,    28.0,    28.0,    26.0,    26.0,    26.0,    26.0,    26.0,    25.0,    27.0,    25.0,    30.0,    26.9,  1293.0
100216,1711d @@@@@@@@,kWH   ,    18.0,    18.0,    18.0,    18.0,    18.0,    19.0,    17.0,    18.0,    18.0,    17.0,    19.0,    18.0,    17.0,    18.0,    16.0,    16.0,    15.0,    13.0,    13.0,    13.0,    11.0,    12.0,    11.0,    10.0,    12.0,    10.0,    11.0,    12.0,    11.0,    14.0,    14.0,    15.0,    16.0,    17.0,    17.0,    19.0,    18.0,    19.0,    18.0,    19.0,    18.0,    18.0,    18.0,    18.0,    18.0,    18.0,    18.0,    18.0,    10.0,    19.0,    16.0,   767.0
100217,3031d @@@@@@@@,kWH   ,    29.0,    31.0,    30.0,    30.0,    30.0,    30.0,    29.0,    30.0,    30.0,    31.0,    30.0,    31.0,    30.0,    31.0,    31.0,    32.0,    34.0,    33.0,    34.0,    33.0,    33.0,    33.0,    33.0,    34.0,    36.0,    34.0,    34.0,    35.0,    35.0,    35.0,    35.0,    35.0,    34.0,    33.0,    35.0,    34.0,    34.0,    33.0,    33.0,    33.0,    34.0,    33.0,    34.0,    32.0,    32.0,    32.0,    31.0,    31.0,    29.0,    36.0,    32.5,  1559.0
100218,32d@@@@@@@@@@,kWH   ,    12.0,    12.0,    12.0,    12.0,    11.0,    12.0,    11.0,    12.0,    12.0,    11.0,    12.0,    11.0,    13.0,    12.0,    13.0,    12.0,    12.0,    13.0,    13.0,    12.0,    11.0,    11.0,    10.0,    10.0,    11.0,    12.0,    11.0,    11.0,    12.0,    10.0,    12.0,    11.0,    11.0,    12.0,    11.0,    11.0,    12.0,    11.0,    12.0,    11.0,    12.0,    12.0,    12.0,    13.0,    12.0,    12.0,    12.0,    13.0,    10.0,    13.0,    11.7,   561.0
100219,w段百9d @@@@,kWH   ,     5.0,     6.0,     5.0,     6.0,     6.0,     6.0,     5.0,     6.0,     6.0,     5.0,     6.0,     6.0,     5.0,     6.0,     6.0,     6.0,     6.0,     6.0,     6.0,     5.0,     6.0,     6.0,     5.0,     6.0,     6.0,     6.0,     5.0,     6.0,     6.0,     6.0,     6.0,     6.0,     6.0,     5.0,     7.0,     6.0,     6.0,     5.0,     6.0,     6.0,     6.0,     6.0,     6.0,     6.0,     6.0,     5.0,     6.0,     6.0,     5.0,     7.0,     5.8,   278.0
100220,}d@@@@@@@@@@,kWH   ,     2.0,     2.0,     2.0,     3.0,     2.0,     2.0,     3.0,     2.0,     2.0,     3.0,     2.0,     2.0,     3.0,     2.0,     2.0,     2.0,     3.0,     2.0,     3.0,     2.0,     2.0,     3.0,     2.0,     2.0,     2.0,     3.0,     2.0,     3.0,     2.0,     2.0,     3.0,     2.0,     2.0,     2.0,     3.0,     2.0,     2.0,     3.0,     3.0,     3.0,     3.0,     3.0,     3.0,     3.0,     2.0,     2.0,     3.0,     2.0,     2.0,     3.0,     2.4,   115.0
100221,}Vd@@@@@@@@,kWH   ,     3.0,     4.0,     3.0,     4.0,     4.0,     3.0,     4.0,     4.0,     4.0,     3.0,     4.0,     4.0,     4.0,     4.0,     4.0,     4.0,     3.0,     4.0,     4.0,     3.0,     4.0,     4.0,     4.0,     4.0,     4.0,     3.0,     4.0,     4.0,     3.0,     4.0,     4.0,     4.0,     4.0,     4.0,     3.0,     4.0,     4.0,     4.0,     4.0,     4.0,     4.0,     4.0,     4.0,     4.0,     4.0,     4.0,     4.0,     4.0,     3.0,     4.0,     3.8,   183.0
100222,21d@@@@@@@@@@,kWH   ,     7.0,     6.0,     7.0,     6.0,     7.0,     6.0,     6.0,     7.0,     6.0,     7.0,     6.0,     7.0,     7.0,     7.0,     6.0,     7.0,     7.0,     7.0,     5.0,     6.0,     6.0,     5.0,     6.0,     5.0,     6.0,     5.0,     6.0,     6.0,     6.0,     6.0,     7.0,     7.0,     8.0,     8.0,     9.0,     8.0,     9.0,    10.0,     9.0,     9.0,    11.0,     9.0,     8.0,     9.0,     8.0,     8.0,     7.0,     8.0,     5.0,    11.0,     7.1,   339.0
100223,22()d@@@@@@@@,kWH   ,     1.0,     1.0,     2.0,     1.0,     2.0,     1.0,     1.0,     2.0,     1.0,     2.0,     1.0,     1.0,     2.0,     1.0,     2.0,     1.0,     2.0,     1.0,     2.0,     1.0,     2.0,     1.0,     2.0,     1.0,     2.0,     1.0,     2.0,     1.0,     2.0,     1.0,     2.0,     1.0,     2.0,     1.0,     1.0,     2.0,     1.0,     2.0,     1.0,     2.0,     2.0,     1.0,     2.0,     1.0,     2.0,     1.0,     2.0,     1.0,     1.0,     2.0,     1.5,    70.0
100224,24(窬堇)d@@@,kWH   ,    14.0,    14.0,    15.0,    14.0,    15.0,    14.0,    15.0,    14.0,    15.0,    14.0,    15.0,    14.0,    15.0,    14.0,    14.0,    15.0,    14.0,    15.0,    15.0,    15.0,    14.0,    15.0,    15.0,    14.0,    15.0,    15.0,    16.0,    14.0,    15.0,    15.0,    14.0,    15.0,    15.0,    15.0,    15.0,    14.0,    15.0,    14.0,    15.0,    14.0,    14.0,    15.0,    15.0,    14.0,    14.0,    15.0,    14.0,    14.0,    14.0,    16.0,    14.6,   699.0
100225,23(鼗傲据腊)d@@@@@,kWH   ,     5.0,     5.0,     5.0,     5.0,     4.0,     5.0,     6.0,     5.0,     5.0,     5.0,     5.0,     5.0,     6.0,     5.0,     5.0,     6.0,     5.0,     4.0,     6.0,     6.0,     5.0,     5.0,     5.0,     5.0,     5.0,     4.0,     5.0,     5.0,     5.0,     6.0,     5.0,     5.0,     5.0,     5.0,     5.0,     5.0,     7.0,     7.0,     7.0,     7.0,     7.0,     6.0,     7.0,     7.0,     6.0,     6.0,     6.0,     5.0,     4.0,     7.0,     5.4,   261.0
100226,矣乇傥百d@@@@@@@@@,kWH   ,     1.0,     2.0,     2.0,     2.0,     2.0,     2.0,     2.0,     2.0,     2.0,     1.0,     2.0,     2.0,     2.0,     3.0,     2.0,     2.0,     2.0,     2.0,     2.0,     1.0,     2.0,     1.0,     2.0,     2.0,     1.0,     2.0,     2.0,     1.0,     2.0,     1.0,     2.0,     2.0,     1.0,     2.0,     1.0,     2.0,     2.0,     4.0,     4.0,     4.0,     4.0,     4.0,     4.0,     4.0,     2.0,     2.0,     2.0,     2.0,     1.0,     4.0,     2.1,   102.0
100227,绁痪堇d @@@@@@,kWH   ,    15.0,    15.0,    15.0,    16.0,    16.0,    15.0,    23.0,    25.0,    26.0,    25.0,    15.0,     5.0,     0.0,     0.0,     0.0,     0.0,     0.0,     0.0,     0.0,     0.0,     0.0,     0.0,     0.0,     0.0,     0.0,     0.0,     0.0,     0.0,     0.0,     0.0,     0.0,     0.0,     0.0,     0.0,     0.0,     0.0,     0.0,     0.0,     0.0,     1.0,     1.0,     0.0,    11.0,    16.0,    15.0,    15.0,    15.0,    15.0,     0.0,    26.0,     6.2,   300.0
100228,5Od @@@@@@@@,kWH   ,    18.0,    16.0,    19.0,    17.0,    17.0,    18.0,    17.0,    18.0,    18.0,    17.0,    17.0,    19.0,    19.0,    18.0,    16.0,    18.0,    18.0,    19.0,    18.0,    17.0,    19.0,    18.0,    19.0,    17.0,    17.0,    16.0,    18.0,    18.0,    19.0,    18.0,    18.0,    17.0,    19.0,    18.0,    17.0,    18.0,    19.0,    15.0,    17.0,    17.0,    17.0,    17.0,    19.0,    18.0,    18.0,    18.0,    18.0,    18.0,    15.0,    19.0,    17.7,   851.0
100229,}()d@@@@@@@,kWH   ,     1.0,     2.0,     1.0,     2.0,     1.0,     2.0,     1.0,     2.0,     1.0,     2.0,     2.0,     2.0,     1.0,     2.0,     2.0,     1.0,     2.0,     1.0,     2.0,     2.0,     2.0,     1.0,     2.0,     2.0,     2.0,     2.0,     1.0,     2.0,     1.0,     2.0,     1.0,     2.0,     2.0,     2.0,     2.0,     1.0,     2.0,     1.0,     2.0,     1.0,     2.0,     2.0,     1.0,     2.0,     2.0,     1.0,     2.0,     2.0,     1.0,     2.0,     1.6,    79.0
100230,22()d@@@@@@@@,kWH   ,     0.0,     1.0,     1.0,     0.0,     1.0,     1.0,     1.0,     0.0,     1.0,     1.0,     0.0,     1.0,     1.0,     1.0,     0.0,     1.0,     1.0,     1.0,     0.0,     1.0,     1.0,     0.0,     1.0,     1.0,     1.0,     0.0,     1.0,     1.0,     1.0,     0.0,     1.0,     1.0,     1.0,     0.0,     1.0,     1.0,     1.0,     1.0,     2.0,     1.0,     1.0,     1.0,     1.0,     1.0,     1.0,     1.0,     1.0,     1.0,     0.0,     2.0,     0.8,    39.0
100231,25d@@@@@@@@,kWH   ,    10.0,    10.0,    11.0,    11.0,    10.0,    10.0,    10.0,    10.0,     9.0,    10.0,    10.0,    10.0,    10.0,     9.0,     9.0,     9.0,     8.0,     8.0,     8.0,     6.0,     7.0,     8.0,     8.0,     9.0,     4.0,     5.0,     7.0,     7.0,     8.0,     7.0,     9.0,    13.0,     9.0,    10.0,    11.0,    12.0,    14.0,    16.0,    15.0,    15.0,    16.0,    14.0,    14.0,    14.0,    11.0,    11.0,    11.0,    11.0,     4.0,    16.0,    10.1,   484.0
100232,皋壮菽d @@@@@@@,kWH   ,    16.0,    16.0,    19.0,    15.0,    16.0,    16.0,    19.0,    14.0,    15.0,    16.0,    18.0,    15.0,    16.0,    17.0,    22.0,    22.0,    26.0,    32.0,    26.0,    28.0,    29.0,    30.0,    27.0,    27.0,    28.0,    30.0,    28.0,    32.0,    32.0,    28.0,    30.0,    27.0,    29.0,    25.0,    28.0,    26.0,    57.0,    79.0,    75.0,    59.0,    39.0,    31.0,    28.0,    28.0,    21.0,    19.0,    20.0,    21.0,    14.0,    79.0,    27.4,  1317.0
100233,70d@@@@@@@@,kWH   ,     5.0,     6.0,     5.0,     6.0,     5.0,     5.0,     6.0,     6.0,     5.0,     6.0,     5.0,     6.0,     5.0,     6.0,    12.0,    12.0,    10.0,     9.0,    12.0,    12.0,    10.0,    11.0,     9.0,     7.0,     7.0,     8.0,     8.0,     7.0,     7.0,     6.0,     8.0,     7.0,     7.0,     7.0,     7.0,     7.0,     7.0,     6.0,     7.0,     6.0,     6.0,     6.0,     7.0,     5.0,     6.0,     6.0,     5.0,     6.0,     5.0,    12.0,     7.1,   340.0
100234,50d@@@@@@@@,kWH   ,    78.0,    78.0,    77.0,    77.0,    78.0,    75.0,    76.0,    78.0,    78.0,    75.0,    74.0,    76.0,    81.0,    83.0,    83.0,    82.0,    82.0,    85.0,    88.0,    87.0,    83.0,    90.0,    91.0,    90.0,    93.0,    93.0,    89.0,    92.0,    93.0,    95.0,    94.0,    95.0,    93.0,    96.0,    95.0,    99.0,    92.0,    90.0,    91.0,    89.0,    87.0,    88.0,    86.0,    82.0,    84.0,    80.0,    83.0,    80.0,    74.0,    99.0,    85.5,  4104.0
100235,5051d @@@@@@@@,kWH   ,    41.0,    40.0,    39.0,    41.0,    41.0,    39.0,    41.0,    42.0,    41.0,    40.0,    41.0,    40.0,    47.0,    49.0,    48.0,    46.0,    47.0,    47.0,    48.0,    46.0,    45.0,    46.0,    48.0,    47.0,    49.0,    49.0,    45.0,    47.0,    48.0,    48.0,    49.0,    46.0,    46.0,    49.0,    46.0,    49.0,    47.0,    44.0,    45.0,    44.0,    44.0,    45.0,    43.0,    44.0,    40.0,    42.0,    42.0,    42.0,    39.0,    49.0,    44.6,  2143.0
100236,53(n)d@@@@@@@,kWH   ,    24.0,    26.0,    26.0,    25.0,    25.0,    23.0,    22.0,    25.0,    24.0,    21.0,    22.0,    24.0,    23.0,    22.0,    24.0,    25.0,    22.0,    24.0,    28.0,    28.0,    26.0,    31.0,    31.0,    31.0,    32.0,    32.0,    32.0,    31.0,    32.0,    32.0,    32.0,    34.0,    33.0,    31.0,    33.0,    33.0,    33.0,    33.0,    32.0,    32.0,    31.0,    31.0,    31.0,    27.0,    31.0,    26.0,    30.0,    25.0,    21.0,    34.0,    28.1,  1351.0
100237,52d@@@@@@@@@@,kWH   ,     1.0,     2.0,     1.0,     2.0,     1.0,     2.0,     1.0,     2.0,     1.0,     2.0,     1.0,     1.0,     2.0,     1.0,     2.0,     1.0,     2.0,     1.0,     1.0,     2.0,     1.0,     2.0,     1.0,     2.0,     2.0,     2.0,     2.0,     2.0,     1.0,     2.0,     2.0,     2.0,     2.0,     2.0,     2.0,     1.0,     2.0,     1.0,     2.0,     1.0,     2.0,     1.0,     2.0,     2.0,     1.0,     1.0,     2.0,     1.0,     1.0,     2.0,     1.6,    75.0
100238,疼菝ūd@@@@@@@,kWH   ,        ,        ,        ,        ,        ,        ,        ,        ,        ,        ,        ,        ,        ,        ,        ,        ,        ,        ,        ,        ,        ,        ,        ,        ,        ,        ,        ,        ,        ,        ,        ,        ,        ,        ,        ,        ,        ,        ,        ,        ,        ,        ,        ,        ,        ,        ,        ,        ,        ,        ,        ,        
100239,dd@@@@@@@,kWH   ,     0.0,     1.0,     0.0,     1.0,     1.0,     0.0,     1.0,     0.0,     1.0,     1.0,     0.0,     1.0,     1.0,     0.0,     1.0,     0.0,     1.0,     1.0,     0.0,     1.0,     1.0,     0.0,     1.0,     0.0,     1.0,     1.0,     0.0,     1.0,     0.0,     1.0,     1.0,     0.0,     1.0,     0.0,     1.0,     1.0,     0.0,     1.0,     1.0,     0.0,     1.0,     0.0,     1.0,     1.0,     0.0,     1.0,     1.0,     0.0,     0.0,     1.0,     0.6,    29.0
100240,d@@@@@@@@@@,kWH   ,     0.0,     0.0,     0.0,     0.0,     0.0,     0.0,     0.0,     0.0,     0.0,     0.0,     0.0,     0.0,     0.0,     0.0,     0.0,     0.0,     0.0,     0.0,     0.0,     0.0,     1.0,     0.0,     0.0,     1.0,     0.0,     0.0,     0.0,     0.0,     0.0,     1.0,     0.0,     1.0,     0.0,     0.0,     0.0,     0.0,     0.0,     1.0,     2.0,     0.0,     1.0,     2.0,     2.0,     2.0,     2.0,     3.0,     2.0,     0.0,     0.0,     3.0,     0.4,    21.0
100241,皋壮菽d @@@@@@@@@,kWH   ,     0.0,     0.0,     0.0,     0.0,     0.0,     0.0,     0.0,     0.0,     0.0,     0.0,     0.0,     0.0,     0.0,     0.0,     0.0,     0.0,     0.0,     0.0,     0.0,     0.0,     0.0,     0.0,     0.0,     0.0,     0.0,     0.0,     0.0,     0.0,     0.0,     0.0,     0.0,     0.0,     0.0,     0.0,     0.0,     0.0,     0.0,     0.0,     0.0,     0.0,     0.0,     0.0,     0.0,     0.0,     0.0,     0.0,     0.0,     0.0,     0.0,     0.0,     0.0,     0.0
100242,29(缸剔セ案偬咦晦)d@@,kWH   ,     1.0,     2.0,     2.0,     2.0,     2.0,     2.0,     2.0,     2.0,     2.0,     1.0,     2.0,     2.0,     2.0,     2.0,     1.0,     2.0,     2.0,     2.0,     1.0,     3.0,     2.0,     3.0,     2.0,     3.0,     3.0,     2.0,     3.0,     3.0,     3.0,     2.0,     3.0,     3.0,     3.0,     3.0,     3.0,     3.0,     5.0,     5.0,     5.0,     5.0,     5.0,     4.0,     4.0,     4.0,     2.0,     2.0,     2.0,     2.0,     1.0,     5.0,     2.6,   126.0
100243,闷胶澳d@@@@@@@@@@,kWH   ,     0.0,     0.0,     0.0,     0.0,     0.0,     0.0,     0.0,     0.0,     0.0,     0.0,     0.0,     0.0,     0.0,     0.0,     0.0,     0.0,     0.0,     0.0,     0.0,     0.0,     0.0,     0.0,     0.0,     0.0,     0.0,     0.0,     0.0,     0.0,     0.0,     0.0,     0.0,     0.0,     0.0,     1.0,     0.0,     0.0,     0.0,     3.0,     2.0,     3.0,     1.0,     0.0,     0.0,     0.0,     0.0,     0.0,     0.0,     0.0,     0.0,     3.0,     0.2,    10.0
100244,53()d@@@@@@@,kWH   ,     2.0,     3.0,     2.0,     3.0,     3.0,     3.0,     2.0,     3.0,     3.0,     3.0,     2.0,     3.0,     3.0,     3.0,     2.0,     3.0,     6.0,     6.0,     7.0,     6.0,     6.0,     7.0,     5.0,     6.0,     6.0,     5.0,     5.0,     6.0,     6.0,     6.0,     5.0,     6.0,     5.0,     6.0,     6.0,     5.0,     4.0,     3.0,     4.0,     3.0,     3.0,     2.0,     3.0,     2.0,     2.0,     3.0,     2.0,     2.0,     2.0,     7.0,     4.0,   192.0
100245,`d@@@@@@@,kWH   ,     0.0,     0.0,     0.0,     0.0,     0.0,     0.0,     0.0,     0.0,     0.0,     0.0,     0.0,     0.0,     0.0,     0.0,     0.0,     0.0,     0.0,     0.0,     0.0,     0.0,     0.0,     0.0,     0.0,     0.0,     0.0,     0.0,     0.0,     0.0,     0.0,     0.0,     0.0,     0.0,     0.0,     0.0,     0.0,     0.0,     0.0,     0.0,     0.0,     0.0,     0.0,     0.0,     0.0,     0.0,     0.0,     0.0,     0.0,     0.0,     0.0,     0.0,     0.0,     0.0
100246,72d@@@@@@@@@@,kWH   ,     0.0,     0.0,     1.0,     0.0,     1.0,     0.0,     0.0,     1.0,     0.0,     1.0,     0.0,     0.0,     1.0,     0.0,     1.0,     0.0,     0.0,     1.0,     0.0,     1.0,     0.0,     1.0,     0.0,     1.0,     0.0,     1.0,     0.0,     1.0,     0.0,     0.0,     1.0,     0.0,     1.0,     0.0,     1.0,     0.0,     1.0,     0.0,     1.0,     1.0,     0.0,     1.0,     0.0,     0.0,     0.0,     1.0,     0.0,     0.0,     0.0,     1.0,     0.4,    20.0
100247,()d@@@@@@@,kWH   ,     0.0,     0.0,     0.0,     0.0,     0.0,     0.0,     0.0,     0.0,     0.0,     0.0,     0.0,     0.0,     0.0,     0.0,     0.0,     0.0,     0.0,     0.0,     0.0,     0.0,     0.0,     0.0,     0.0,     0.0,     0.0,     0.0,     0.0,     0.0,     0.0,     0.0,     0.0,     0.0,     0.0,     0.0,     0.0,     0.0,     0.0,     0.0,     0.0,     0.0,     0.0,     0.0,     0.0,     0.0,     0.0,     0.0,     0.0,     0.0,     0.0,     0.0,     0.0,     0.0
100248,55d@@@@@@@@@@,kWH   ,     8.0,     9.0,     9.0,     8.0,     9.0,     8.0,     9.0,     8.0,     9.0,     9.0,     9.0,     8.0,     9.0,     8.0,     7.0,     7.0,     7.0,     6.0,     5.0,     5.0,     5.0,     4.0,     5.0,     4.0,     5.0,     5.0,     4.0,     5.0,     6.0,     6.0,     7.0,     7.0,     7.0,     8.0,     8.0,     8.0,     9.0,     8.0,     8.0,     9.0,     8.0,     9.0,     8.0,     9.0,     8.0,     9.0,     9.0,     8.0,     4.0,     9.0,     7.4,   353.0
100249,7071d @@@@@@@@,kWH   ,     6.0,     6.0,     7.0,     6.0,     6.0,     6.0,     7.0,     6.0,     6.0,     7.0,     6.0,     6.0,     6.0,     7.0,    13.0,    13.0,    10.0,    11.0,    12.0,    12.0,    11.0,    12.0,     9.0,     9.0,     7.0,     9.0,     8.0,     8.0,     7.0,     8.0,     8.0,     7.0,     8.0,     7.0,     8.0,     8.0,     7.0,     7.0,     8.0,     6.0,     7.0,     7.0,     7.0,     7.0,     6.0,     7.0,     6.0,     7.0,     6.0,    13.0,     7.8,   375.0
100250,d@@@@@@@@,kWH   ,     1.0,     1.0,     1.0,     1.0,     2.0,     1.0,     1.0,     1.0,     2.0,     1.0,     1.0,     1.0,     1.0,     3.0,     3.0,     2.0,     3.0,     8.0,     8.0,     8.0,     7.0,     6.0,     6.0,     6.0,     6.0,     6.0,     4.0,     1.0,     2.0,     1.0,     2.0,     1.0,     3.0,     2.0,     7.0,     6.0,     6.0,     5.0,     3.0,     7.0,     7.0,     6.0,     4.0,     1.0,     2.0,     3.0,     1.0,     2.0,     1.0,     8.0,     3.4,   163.0
100251,25d@@@@@@@@@@,kWH   ,    11.0,    10.0,    11.0,    11.0,    10.0,    11.0,     9.0,    10.0,    10.0,    10.0,    10.0,    11.0,    10.0,    10.0,     8.0,     9.0,     9.0,     9.0,     7.0,     7.0,     7.0,     9.0,     8.0,     8.0,     5.0,     6.0,     7.0,     7.0,     8.0,     8.0,     9.0,    14.0,     9.0,    10.0,    11.0,    13.0,    14.0,    16.0,    16.0,    15.0,    16.0,    14.0,    15.0,    14.0,    11.0,    12.0,    11.0,    11.0,     5.0,    16.0,    10.4,   497.0
100252,14d@@@@@@@@,kWH   ,    12.0,    12.0,    12.0,    12.0,    13.0,    13.0,    12.0,    12.0,    11.0,    12.0,    12.0,    12.0,    12.0,    11.0,     9.0,    10.0,     9.0,     8.0,     7.0,     5.0,     5.0,     5.0,     4.0,     4.0,     5.0,     5.0,     5.0,     6.0,     7.0,     9.0,     9.0,    10.0,    10.0,    11.0,    12.0,    12.0,    12.0,    13.0,    12.0,    13.0,    13.0,    12.0,    13.0,    12.0,    12.0,    13.0,    13.0,    12.0,     4.0,    13.0,    10.1,   485.0
100253,d@@@@@@@@@@,kWH   ,    14.0,    15.0,    18.0,    14.0,    15.0,    14.0,    17.0,    13.0,    14.0,    15.0,    17.0,    14.0,    14.0,    15.0,    18.0,    20.0,    24.0,    23.0,    18.0,    18.0,    20.0,    23.0,    20.0,    18.0,    21.0,    22.0,    23.0,    28.0,    29.0,    24.0,    26.0,    23.0,    26.0,    21.0,    19.0,    18.0,    46.0,    66.0,    63.0,    43.0,    26.0,    20.0,    19.0,    21.0,    15.0,    13.0,    14.0,    18.0,    13.0,    66.0,    22.0,  1055.0
100254,ssd@@@@@@@@,kWH   ,     4.0,     4.0,     4.0,     4.0,     4.0,     4.0,     5.0,     5.0,     4.0,     4.0,     4.0,     4.0,     4.0,     3.0,     2.0,     3.0,     1.0,     0.0,     0.0,     0.0,     0.0,     0.0,     0.0,     0.0,     0.0,     0.0,     0.0,     0.0,     0.0,     1.0,     1.0,     2.0,     4.0,     4.0,     5.0,     5.0,     5.0,     4.0,     4.0,     4.0,     5.0,     4.0,     5.0,     5.0,     4.0,     4.0,     4.0,     4.0,     0.0,     5.0,     2.9,   137.0
100160,OCx@@@@@@@@@@@@,    ,    13.3,    13.0,    12.3,    12.4,    12.0,    12.0,    11.9,    11.6,    11.4,    11.4,    11.3,    10.8,    10.5,    11.3,    11.6,    13.0,    14.0,    14.8,    15.6,    16.3,    17.0,    17.6,    18.3,    19.0,    20.8,    21.6,    22.3,    22.6,    22.5,    22.0,    22.0,    21.8,    21.6,    21.3,    20.6,    19.5,    18.6,    17.8,    17.5,    17.1,    16.8,    16.3,    16.3,    16.3,    16.3,    15.5,    15.1,    15.4,    10.5,    22.6,    16.2,        
100161,OCx@@@@@@@@@@@@,%     ,    69.0,    71.0,    73.0,    71.0,    71.0,    70.0,    67.0,    66.0,    65.0,    65.0,    67.0,    69.0,    70.0,    68.0,    66.0,    61.0,    56.0,    53.0,    52.0,    52.0,    51.0,    48.0,    46.0,    45.0,    41.0,    38.0,    37.0,    37.0,    35.0,    38.0,    37.0,    38.0,    39.0,    40.0,    47.0,    52.0,    54.0,    60.0,    62.0,    65.0,    67.0,    68.0,    69.0,    69.0,    69.0,    70.0,    71.0,    71.0,    35.0,    73.0,    57.6,        
