f}hf[^,2018N,04,05
@,@,P,0:30,1:00,1:30,2:00,2:30,3:00,3:30,4:00,4:30,5:00,5:30,6:00,6:30,7:00,7:30,8:00,8:30,9:00,9:30,10:00,10:30,11:00,11:30,12:00,12:30,13:00,13:30,14:00,14:30,15:00,15:30,16:00,16:30,17:00,17:30,18:00,18:30,19:00,19:30,20:00,20:30,21:00,21:30,22:00,22:30,23:00,23:30,0:00,l,l,l,vl
 90103,番菔呓dd@@@@@@@,kWH   ,     348,     355,     355,     358,     360,     352,     353,     353,     353,     353,     343,     348,     350,     358,     350,     387,     432,     513,     653,     684,     684,     730,     753,     749,     734,     764,     804,     825,     826,     847,     859,     828,     792,     785,     725,     672,     653,     636,     592,     557,     507,     470,     439,     406,     379,     372,     372,     382,     343,     859,     544,   26100
 90104,挤菔呓dd@@@@@@@,kWH   ,     142,     136,     139,     137,     136,     135,     133,     137,     137,     132,     134,     142,     141,     145,     153,     149,     189,     214,     273,     293,     300,     334,     347,     337,     332,     347,     350,     344,     339,     339,     334,     326,     322,     336,     359,     349,     342,     342,     317,     306,     300,     273,     205,     171,     156,     154,     154,     152,     132,     359,     239,   11464
100201,nd@@@@@@@@,kWH   ,   110.0,   115.0,   116.0,   121.0,   126.0,   116.0,   113.0,   117.0,   113.0,   119.0,   117.0,   120.0,   128.0,   142.0,   142.0,   140.0,   173.0,   203.0,   276.0,   287.0,   273.0,   296.0,   319.0,   327.0,   327.0,   321.0,   327.0,   337.0,   345.0,   331.0,   343.0,   337.0,   324.0,   333.0,   317.0,   269.0,   241.0,   233.0,   219.0,   204.0,   183.0,   157.0,   148.0,   141.0,   130.0,   122.0,   127.0,   135.0,   110.0,   345.0,   209.6, 10060.0
100202,nd@@@@@@@@,kWH   ,    66.0,    67.0,    67.0,    65.0,    66.0,    65.0,    67.0,    66.0,    66.0,    64.0,    55.0,    50.0,    49.0,    45.0,    38.0,    71.0,    70.0,    92.0,   155.0,   185.0,   183.0,   192.0,   193.0,   192.0,   186.0,   204.0,   221.0,   249.0,   229.0,   252.0,   255.0,   244.0,   225.0,   200.0,   190.0,   180.0,   173.0,   181.0,   165.0,   142.0,   129.0,   120.0,   105.0,    83.0,    74.0,    70.0,    71.0,    72.0,    38.0,   255.0,   130.2,  6249.0
100203,knd@@@@@@@@,kWH   ,    90.0,    89.0,    89.0,    87.0,    87.0,    90.0,    89.0,    91.0,    90.0,    88.0,    91.0,    91.0,    92.0,    89.0,    90.0,    92.0,    95.0,   102.0,   115.0,   118.0,   124.0,   132.0,   137.0,   134.0,   130.0,   125.0,   141.0,   144.0,   144.0,   150.0,   153.0,   146.0,   141.0,   135.0,   132.0,   123.0,   124.0,   123.0,   117.0,   111.0,   108.0,   102.0,   101.0,    98.0,    92.0,    92.0,    90.0,    91.0,    87.0,   153.0,   110.5,  5305.0
100205,6d @@@@@@@@,kWH   ,     5.0,     5.0,     5.0,     5.0,     5.0,     5.0,     5.0,     5.0,     5.0,     5.0,     5.0,     5.0,     5.0,     5.0,     4.0,     5.0,     4.0,     4.0,     6.0,     7.0,     6.0,     7.0,     8.0,     7.0,     8.0,     8.0,     9.0,    10.0,     9.0,     9.0,    11.0,    11.0,    10.0,    10.0,    10.0,    10.0,     9.0,    10.0,     9.0,     9.0,     8.0,     8.0,     7.0,     7.0,     6.0,     7.0,     6.0,     6.0,     4.0,    11.0,     7.0,   335.0
100206,16d@@@@@@@@,kWH   ,    29.0,    30.0,    28.0,    29.0,    29.0,    29.0,    29.0,    29.0,    29.0,    29.0,    28.0,    29.0,    30.0,    29.0,    29.0,    29.0,    31.0,    34.0,    39.0,    43.0,    44.0,    43.0,    44.0,    42.0,    43.0,    44.0,    43.0,    43.0,    43.0,    45.0,    45.0,    46.0,    47.0,    47.0,    47.0,    46.0,    46.0,    44.0,    44.0,    43.0,    41.0,    37.0,    34.0,    33.0,    32.0,    30.0,    29.0,    29.0,    28.0,    47.0,    36.8,  1765.0
100208,2d @@@@@@@@@@,kWH   ,    15.0,    15.0,    15.0,    20.0,    28.0,    15.0,    15.0,    15.0,    15.0,    15.0,    15.0,    17.0,    20.0,    33.0,    27.0,    24.0,    30.0,    36.0,    53.0,    57.0,    42.0,    45.0,    52.0,    62.0,    55.0,    46.0,    48.0,    53.0,    68.0,    51.0,    49.0,    47.0,    48.0,    54.0,    46.0,    35.0,    34.0,    33.0,    34.0,    39.0,    32.0,    22.0,    20.0,    18.0,    17.0,    16.0,    21.0,    29.0,    15.0,    68.0,    33.2,  1596.0
100209,1d @@@@@@@@@@,kWH   ,     2.0,     2.0,     2.0,     2.0,     2.0,     2.0,     2.0,     2.0,     3.0,     2.0,     2.0,     2.0,     3.0,     4.0,     3.0,     4.0,     5.0,     9.0,    14.0,    14.0,    15.0,    14.0,    14.0,    13.0,    11.0,    11.0,    13.0,    13.0,    13.0,    12.0,    14.0,    13.0,    14.0,    14.0,    13.0,    13.0,    11.0,    12.0,    11.0,    10.0,     9.0,     7.0,     7.0,     7.0,     4.0,     3.0,     3.0,     2.0,     2.0,    15.0,     7.9,   377.0
100210,5d @@@@@@@@@@,kWH   ,    12.0,    13.0,    14.0,    13.0,    12.0,    13.0,    12.0,    13.0,    13.0,    13.0,    13.0,    13.0,    14.0,    13.0,    15.0,    15.0,    20.0,    24.0,    30.0,    29.0,    33.0,    33.0,    35.0,    37.0,    35.0,    35.0,    36.0,    37.0,    39.0,    37.0,    38.0,    38.0,    38.0,    35.0,    34.0,    28.0,    23.0,    23.0,    22.0,    20.0,    18.0,    19.0,    19.0,    17.0,    17.0,    16.0,    15.0,    15.0,    12.0,    39.0,    23.0,  1106.0
100211,378d @@@@@@@@,kWH   ,    35.0,    37.0,    39.0,    38.0,    38.0,    38.0,    38.0,    38.0,    38.0,    39.0,    38.0,    38.0,    39.0,    39.0,    39.0,    40.0,    38.0,    39.0,    51.0,    49.0,    51.0,    62.0,    70.0,    67.0,    71.0,    71.0,    74.0,    76.0,    72.0,    79.0,    81.0,    84.0,    79.0,    81.0,    82.0,    76.0,    64.0,    62.0,    57.0,    50.0,    45.0,    45.0,    44.0,    43.0,    41.0,    38.0,    38.0,    38.0,    35.0,    84.0,    52.7,  2529.0
100212,1920d @@@@@@@@,kWH   ,    14.0,    17.0,    16.0,    15.0,    17.0,    17.0,    15.0,    17.0,    16.0,    17.0,    21.0,    20.0,    18.0,    19.0,    20.0,    23.0,    22.0,    30.0,    45.0,    50.0,    46.0,    50.0,    48.0,    49.0,    52.0,    53.0,    55.0,    61.0,    59.0,    54.0,    54.0,    51.0,    54.0,    51.0,    48.0,    34.0,    32.0,    29.0,    28.0,    27.0,    26.0,    22.0,    21.0,    20.0,    18.0,    15.0,    17.0,    17.0,    14.0,    61.0,    31.7,  1520.0
100213,10d@@@@@@@@@@,kWH   ,     3.0,     4.0,     4.0,     4.0,     4.0,     3.0,     4.0,     4.0,     4.0,     4.0,     4.0,     3.0,     5.0,     3.0,     4.0,     5.0,     8.0,    11.0,    22.0,    25.0,    25.0,    26.0,    37.0,    35.0,    34.0,    33.0,    28.0,    30.0,    25.0,    30.0,    35.0,    32.0,    29.0,    31.0,    27.0,    21.0,    21.0,    21.0,    18.0,    16.0,    14.0,    10.0,     8.0,     5.0,     5.0,     5.0,     4.0,     5.0,     3.0,    37.0,    15.4,   738.0
100214,番菔呓踢谆蕙15d@@@@,kWH   ,     8.0,     8.0,     8.0,     9.0,     8.0,     8.0,     7.0,     8.0,     8.0,     9.0,    10.0,     8.0,    10.0,    11.0,    13.0,    11.0,    30.0,    35.0,    40.0,    40.0,    40.0,    42.0,    42.0,    44.0,    42.0,    47.0,    50.0,    43.0,    45.0,    46.0,    47.0,    47.0,    40.0,    44.0,    44.0,    39.0,    33.0,    32.0,    31.0,    20.0,    15.0,    13.0,    10.0,     8.0,     8.0,     8.0,     9.0,     8.0,     7.0,    50.0,    24.7,  1186.0
100215,33d@@@@@@@@@@,kWH   ,    25.0,    25.0,    25.0,    25.0,    25.0,    25.0,    26.0,    26.0,    25.0,    25.0,    26.0,    25.0,    26.0,    26.0,    27.0,    27.0,    28.0,    30.0,    31.0,    32.0,    35.0,    36.0,    38.0,    38.0,    41.0,    40.0,    42.0,    40.0,    40.0,    42.0,    41.0,    39.0,    40.0,    37.0,    37.0,    34.0,    35.0,    33.0,    32.0,    30.0,    30.0,    29.0,    27.0,    26.0,    26.0,    27.0,    25.0,    26.0,    25.0,    42.0,    31.2,  1496.0
100216,1711d @@@@@@@@,kWH   ,    17.0,    18.0,    17.0,    17.0,    17.0,    18.0,    18.0,    19.0,    18.0,    17.0,    17.0,    18.0,    18.0,    17.0,    15.0,    16.0,    16.0,    19.0,    21.0,    19.0,    18.0,    18.0,    20.0,    17.0,    18.0,    19.0,    23.0,    22.0,    23.0,    26.0,    27.0,    28.0,    26.0,    27.0,    26.0,    24.0,    26.0,    26.0,    24.0,    24.0,    22.0,    21.0,    21.0,    21.0,    18.0,    18.0,    17.0,    17.0,    15.0,    28.0,    20.2,   969.0
100217,3031d @@@@@@@@,kWH   ,    35.0,    34.0,    34.0,    33.0,    32.0,    34.0,    32.0,    33.0,    33.0,    33.0,    34.0,    35.0,    34.0,    34.0,    35.0,    36.0,    39.0,    40.0,    51.0,    55.0,    54.0,    63.0,    62.0,    60.0,    56.0,    51.0,    60.0,    65.0,    64.0,    67.0,    67.0,    62.0,    60.0,    56.0,    55.0,    49.0,    48.0,    49.0,    46.0,    43.0,    44.0,    39.0,    39.0,    37.0,    36.0,    35.0,    36.0,    35.0,    32.0,    67.0,    45.1,  2164.0
100218,32d@@@@@@@@@@,kWH   ,    12.0,    12.0,    12.0,    12.0,    12.0,    13.0,    13.0,    13.0,    13.0,    13.0,    13.0,    14.0,    13.0,    12.0,    12.0,    13.0,    12.0,    12.0,    12.0,    13.0,    15.0,    14.0,    16.0,    17.0,    14.0,    14.0,    15.0,    16.0,    15.0,    15.0,    18.0,    15.0,    14.0,    14.0,    15.0,    14.0,    15.0,    14.0,    14.0,    14.0,    12.0,    13.0,    13.0,    13.0,    12.0,    12.0,    11.0,    12.0,    11.0,    18.0,    13.5,   647.0
100219,w段百9d @@@@,kWH   ,     5.0,     6.0,     6.0,     6.0,     6.0,     6.0,     6.0,     6.0,     5.0,     6.0,     6.0,     6.0,     5.0,     6.0,     5.0,    10.0,    11.0,    11.0,    11.0,    13.0,    11.0,    13.0,    13.0,    13.0,    12.0,    12.0,    12.0,    12.0,    10.0,     9.0,     9.0,     8.0,     7.0,     7.0,     6.0,     6.0,     7.0,     6.0,     6.0,     6.0,     6.0,     7.0,     5.0,     7.0,     5.0,     7.0,     5.0,     6.0,     5.0,    13.0,     7.8,   375.0
100220,}d@@@@@@@@@@,kWH   ,     2.0,     3.0,     3.0,     3.0,     3.0,     3.0,     3.0,     3.0,     3.0,     3.0,     3.0,     3.0,     3.0,     3.0,     3.0,     3.0,     4.0,     9.0,    23.0,    30.0,    32.0,    32.0,    33.0,    33.0,    30.0,    31.0,    31.0,    36.0,    36.0,    37.0,    36.0,    37.0,    33.0,    29.0,    28.0,    27.0,    28.0,    28.0,    29.0,    27.0,    28.0,    27.0,    17.0,     5.0,     3.0,     3.0,     3.0,     3.0,     2.0,    37.0,    17.4,   835.0
100221,}Vd@@@@@@@@,kWH   ,     2.0,     3.0,     3.0,     3.0,     3.0,     3.0,     4.0,     3.0,     3.0,     3.0,     3.0,     3.0,     3.0,     3.0,     3.0,     3.0,     3.0,     5.0,    12.0,    12.0,    11.0,    12.0,    10.0,    11.0,    11.0,    13.0,    14.0,    12.0,    13.0,    12.0,    14.0,    12.0,    13.0,    11.0,    11.0,    12.0,    11.0,    12.0,    11.0,    10.0,    10.0,    10.0,     6.0,     3.0,     5.0,     3.0,     3.0,     5.0,     2.0,    14.0,     7.5,   361.0
100222,21d@@@@@@@@@@,kWH   ,     7.0,     6.0,     7.0,     7.0,     6.0,     6.0,     7.0,     6.0,     7.0,     6.0,     7.0,     6.0,     7.0,     5.0,     7.0,     6.0,     8.0,    10.0,    14.0,    16.0,    23.0,    23.0,    24.0,    23.0,    23.0,    25.0,    27.0,    29.0,    30.0,    30.0,    31.0,    24.0,    25.0,    22.0,    19.0,    20.0,    19.0,    21.0,    18.0,    18.0,    17.0,    15.0,    11.0,     9.0,     9.0,     8.0,     8.0,     8.0,     5.0,    31.0,    14.8,   710.0
100223,22()d@@@@@@@@,kWH   ,     1.0,     2.0,     1.0,     2.0,     1.0,     2.0,     1.0,     2.0,     1.0,     2.0,     1.0,     2.0,     1.0,     2.0,     2.0,     1.0,     2.0,     7.0,    12.0,    13.0,    13.0,    14.0,    12.0,    12.0,    11.0,    15.0,    18.0,    34.0,    16.0,    14.0,    15.0,    12.0,    14.0,     5.0,     6.0,     3.0,     3.0,     3.0,     1.0,     2.0,     1.0,     2.0,     2.0,     1.0,     2.0,     1.0,     2.0,     1.0,     1.0,    34.0,     6.1,   293.0
100224,24(窬堇)d@@@,kWH   ,    15.0,    15.0,    14.0,    14.0,    15.0,    14.0,    15.0,    14.0,    15.0,    14.0,    14.0,    14.0,    15.0,    14.0,    14.0,    15.0,    15.0,    16.0,    18.0,    20.0,    21.0,    20.0,    19.0,    20.0,    21.0,    18.0,    18.0,    19.0,    18.0,    18.0,    18.0,    19.0,    18.0,    18.0,    18.0,    18.0,    17.0,    17.0,    17.0,    16.0,    15.0,    15.0,    15.0,    15.0,    14.0,    15.0,    15.0,    15.0,    14.0,    21.0,    16.4,   787.0
100225,23(鼗傲据腊)d@@@@@,kWH   ,     4.0,     4.0,     5.0,     4.0,     5.0,     4.0,     5.0,     4.0,     6.0,     4.0,     5.0,     5.0,     5.0,     4.0,     5.0,     5.0,     5.0,     6.0,     9.0,     7.0,     7.0,     8.0,     7.0,     8.0,     7.0,     7.0,     6.0,     8.0,     8.0,     8.0,    10.0,    10.0,     9.0,     7.0,     6.0,     6.0,     7.0,     7.0,     7.0,     7.0,     6.0,     8.0,     6.0,     6.0,     5.0,     4.0,     5.0,     4.0,     4.0,    10.0,     6.1,   295.0
100226,矣乇傥百d@@@@@@@@@,kWH   ,     1.0,     2.0,     2.0,     1.0,     2.0,     2.0,     2.0,     2.0,     1.0,     2.0,     2.0,     2.0,     1.0,     2.0,     2.0,    25.0,    22.0,    22.0,    21.0,    22.0,    22.0,    22.0,    22.0,    21.0,    21.0,    21.0,    21.0,    22.0,    21.0,    22.0,    21.0,    21.0,    12.0,     1.0,     2.0,     1.0,     3.0,     3.0,     4.0,     4.0,     4.0,     4.0,     4.0,     4.0,     2.0,     2.0,     2.0,     1.0,     1.0,    25.0,     9.3,   448.0
100227,绁痪堇d @@@@@@,kWH   ,    13.0,    14.0,    14.0,    15.0,    14.0,    14.0,    15.0,    14.0,    14.0,    14.0,     3.0,     0.0,     0.0,     0.0,     0.0,     0.0,     0.0,     0.0,     0.0,     0.0,     0.0,     0.0,     0.0,     0.0,     0.0,     0.0,     0.0,     0.0,     0.0,    11.0,    14.0,    19.0,    18.0,    19.0,    20.0,    21.0,    19.0,    20.0,    20.0,    19.0,    11.0,     7.0,    15.0,    17.0,    15.0,    14.0,    15.0,    15.0,     0.0,    21.0,     9.4,   453.0
100228,5Od @@@@@@@@,kWH   ,    16.0,    18.0,    18.0,    18.0,    17.0,    20.0,    17.0,    18.0,    16.0,    19.0,    16.0,    20.0,    17.0,    18.0,    17.0,    18.0,    18.0,    18.0,    19.0,    19.0,    18.0,    19.0,    18.0,    19.0,    20.0,    21.0,    20.0,    20.0,    20.0,    18.0,    20.0,    19.0,    20.0,    20.0,    18.0,    18.0,    20.0,    19.0,    18.0,    20.0,    19.0,    19.0,    19.0,    19.0,    17.0,    20.0,    19.0,    18.0,    16.0,    21.0,    18.6,   892.0
100229,}()d@@@@@@@,kWH   ,     1.0,     1.0,     1.0,     2.0,     1.0,     1.0,     2.0,     1.0,     2.0,     1.0,     1.0,     2.0,     2.0,     1.0,     1.0,     2.0,     2.0,     1.0,     2.0,     8.0,     3.0,     4.0,     4.0,     4.0,     3.0,     2.0,     2.0,     2.0,     2.0,     3.0,     3.0,     3.0,     3.0,     2.0,     3.0,     1.0,     1.0,     2.0,     4.0,     2.0,     3.0,     3.0,     2.0,     2.0,     1.0,     1.0,     1.0,     1.0,     1.0,     8.0,     2.1,   102.0
100230,22()d@@@@@@@@,kWH   ,     0.0,     1.0,     1.0,     1.0,     1.0,     0.0,     1.0,     1.0,     1.0,     1.0,     1.0,     1.0,     0.0,     1.0,     1.0,     2.0,     1.0,     3.0,     3.0,     4.0,     5.0,     4.0,     5.0,     6.0,     6.0,     5.0,     4.0,     7.0,     6.0,     7.0,     5.0,     4.0,     4.0,     3.0,     4.0,     3.0,     3.0,     3.0,     2.0,     1.0,     1.0,     2.0,     1.0,     2.0,     1.0,     1.0,     1.0,     1.0,     0.0,     7.0,     2.5,   122.0
100231,25d@@@@@@@@,kWH   ,    12.0,    14.0,    13.0,    13.0,    13.0,    12.0,    10.0,    10.0,    10.0,    10.0,    10.0,    10.0,    10.0,    10.0,    13.0,    14.0,    18.0,    22.0,    31.0,    41.0,    51.0,    56.0,    60.0,    66.0,    63.0,    64.0,    64.0,    70.0,    64.0,    66.0,    67.0,    65.0,    64.0,    67.0,    56.0,    45.0,    43.0,    36.0,    29.0,    26.0,    21.0,    20.0,    18.0,    13.0,    11.0,    12.0,    11.0,    11.0,    10.0,    70.0,    32.0,  1535.0
100232,皋壮菽d @@@@@@@,kWH   ,    19.0,    15.0,    16.0,    15.0,    18.0,    15.0,    15.0,    15.0,    19.0,    15.0,    15.0,    15.0,    20.0,    19.0,    20.0,    16.0,    18.0,    19.0,    29.0,    33.0,    33.0,    34.0,    38.0,    37.0,    37.0,    36.0,    39.0,    42.0,    42.0,    40.0,    42.0,    45.0,    50.0,    63.0,   116.0,   129.0,   129.0,   133.0,   131.0,   132.0,   133.0,   122.0,    64.0,    35.0,    26.0,    22.0,    24.0,    24.0,    15.0,   133.0,    45.1,  2164.0
100233,70d@@@@@@@@,kWH   ,     6.0,     7.0,     6.0,     6.0,     6.0,     6.0,     7.0,     6.0,     6.0,     7.0,     6.0,     6.0,     6.0,     6.0,     8.0,     8.0,    21.0,    25.0,    28.0,    28.0,    29.0,    31.0,    34.0,    29.0,    27.0,    30.0,    26.0,    32.0,    31.0,    32.0,    35.0,    34.0,    32.0,    30.0,    28.0,    27.0,    24.0,    25.0,    18.0,    16.0,    15.0,    15.0,    13.0,     9.0,     6.0,     6.0,     5.0,     6.0,     5.0,    35.0,    17.7,   850.0
100234,50d@@@@@@@@,kWH   ,    79.0,    77.0,    82.0,    76.0,    76.0,    77.0,    78.0,    80.0,    79.0,    77.0,    79.0,    86.0,    82.0,    84.0,    86.0,    88.0,    93.0,   113.0,   141.0,   164.0,   159.0,   184.0,   195.0,   189.0,   181.0,   185.0,   192.0,   186.0,   180.0,   177.0,   172.0,   163.0,   159.0,   145.0,   137.0,   130.0,   123.0,   121.0,   117.0,   113.0,   106.0,   103.0,    97.0,    93.0,    89.0,    87.0,    87.0,    86.0,    76.0,   195.0,   119.9,  5753.0
100235,5051d @@@@@@@@,kWH   ,    42.0,    40.0,    42.0,    40.0,    41.0,    40.0,    40.0,    42.0,    44.0,    41.0,    43.0,    50.0,    48.0,    50.0,    50.0,    49.0,    53.0,    73.0,    93.0,   107.0,   103.0,   123.0,   133.0,   124.0,   116.0,   123.0,   129.0,   123.0,   114.0,   109.0,   108.0,   103.0,    99.0,    90.0,    83.0,    77.0,    71.0,    69.0,    65.0,    64.0,    60.0,    58.0,    52.0,    50.0,    45.0,    43.0,    45.0,    43.0,    40.0,   133.0,    71.9,  3450.0
100236,53(n)d@@@@@@@,kWH   ,    24.0,    25.0,    29.0,    25.0,    23.0,    25.0,    26.0,    25.0,    24.0,    24.0,    25.0,    24.0,    22.0,    22.0,    24.0,    27.0,    24.0,    24.0,    26.0,    24.0,    24.0,    27.0,    26.0,    32.0,    32.0,    32.0,    32.0,    35.0,    36.0,    36.0,    33.0,    33.0,    34.0,    33.0,    34.0,    33.0,    33.0,    33.0,    32.0,    33.0,    31.0,    31.0,    31.0,    30.0,    31.0,    30.0,    30.0,    30.0,    22.0,    36.0,    28.7,  1379.0
100237,52d@@@@@@@@@@,kWH   ,     1.0,     2.0,     1.0,     2.0,     1.0,     2.0,     1.0,     2.0,     1.0,     1.0,     2.0,     1.0,     2.0,     2.0,     1.0,     2.0,     3.0,     3.0,     3.0,     3.0,     3.0,     2.0,     3.0,     4.0,     3.0,     3.0,     4.0,     3.0,     4.0,     5.0,     5.0,     4.0,     5.0,     4.0,     4.0,     4.0,     5.0,     4.0,     4.0,     4.0,     3.0,     3.0,     4.0,     3.0,     2.0,     4.0,     2.0,     2.0,     1.0,     5.0,     2.8,   136.0
100238,疼菝ūd@@@@@@@,kWH   ,        ,        ,        ,        ,        ,        ,        ,        ,        ,        ,        ,        ,        ,        ,        ,        ,        ,        ,        ,        ,        ,        ,        ,        ,        ,        ,        ,        ,        ,        ,        ,        ,        ,        ,        ,        ,        ,        ,        ,        ,        ,        ,        ,        ,        ,        ,        ,        ,        ,        ,        ,        
100239,dd@@@@@@@,kWH   ,     0.0,     0.0,     1.0,     0.0,     1.0,     0.0,     1.0,     0.0,     1.0,     0.0,     0.0,     1.0,     0.0,     1.0,     0.0,     1.0,     0.0,     1.0,     0.0,     1.0,     0.0,     1.0,     1.0,     0.0,     1.0,     1.0,     1.0,     0.0,     1.0,     0.0,     1.0,     0.0,     1.0,     0.0,     1.0,     0.0,     1.0,     0.0,     0.0,     1.0,     0.0,     1.0,     0.0,     1.0,     0.0,     1.0,     0.0,     1.0,     0.0,     1.0,     0.5,    24.0
100240,d@@@@@@@@@@,kWH   ,     0.0,     0.0,     0.0,     0.0,     0.0,     0.0,     0.0,     0.0,     0.0,     0.0,     0.0,     0.0,     0.0,     0.0,     0.0,     0.0,     0.0,     0.0,     5.0,     7.0,     7.0,     9.0,    11.0,    12.0,    13.0,    14.0,    13.0,    13.0,    12.0,    14.0,    12.0,    13.0,    13.0,    14.0,    15.0,    14.0,    14.0,    14.0,    15.0,    14.0,    13.0,    14.0,    10.0,     1.0,     1.0,     0.0,     0.0,     1.0,     0.0,    15.0,     6.4,   308.0
100241,皋壮菽d @@@@@@@@@,kWH   ,     0.0,     0.0,     0.0,     0.0,     0.0,     0.0,     0.0,     0.0,     0.0,     0.0,     0.0,     0.0,     0.0,     0.0,     0.0,     0.0,     0.0,     0.0,     0.0,     0.0,     0.0,     0.0,     0.0,     0.0,     0.0,     0.0,     0.0,     0.0,     0.0,     0.0,     0.0,     0.0,     0.0,     0.0,    14.0,    16.0,    17.0,    16.0,    16.0,    16.0,    16.0,    16.0,     3.0,     0.0,     0.0,     0.0,     0.0,     0.0,     0.0,    17.0,     2.7,   130.0
100242,29(缸剔セ案偬咦晦)d@@,kWH   ,     1.0,     3.0,     1.0,     2.0,     2.0,     2.0,     2.0,     2.0,     2.0,     2.0,     2.0,     2.0,     2.0,     1.0,     2.0,     2.0,     2.0,     4.0,     3.0,     3.0,     4.0,     4.0,     4.0,     3.0,     4.0,     4.0,     4.0,     4.0,     4.0,     4.0,     4.0,     5.0,     6.0,     7.0,     6.0,     6.0,     5.0,     6.0,     5.0,     5.0,     5.0,     5.0,     4.0,     5.0,     2.0,     2.0,     3.0,     2.0,     1.0,     7.0,     3.4,   164.0
100243,闷胶澳d@@@@@@@@@@,kWH   ,     0.0,     0.0,     0.0,     0.0,     0.0,     0.0,     0.0,     0.0,     0.0,     0.0,     0.0,     0.0,     0.0,     0.0,     0.0,     0.0,     0.0,     0.0,     0.0,     0.0,     0.0,     0.0,     0.0,     0.0,     0.0,     0.0,     1.0,     0.0,     0.0,     0.0,     0.0,     0.0,     0.0,     0.0,     1.0,     2.0,     3.0,     2.0,     2.0,     2.0,     2.0,     1.0,     0.0,     0.0,     0.0,     0.0,     0.0,     0.0,     0.0,     3.0,     0.3,    16.0
100244,53()d@@@@@@@,kWH   ,     2.0,     2.0,     3.0,     3.0,     2.0,     3.0,     3.0,     3.0,     2.0,     3.0,     3.0,     3.0,     3.0,     3.0,     3.0,     3.0,     7.0,     8.0,     8.0,    10.0,     9.0,     9.0,    11.0,     8.0,     8.0,     8.0,     8.0,     7.0,     7.0,     5.0,     5.0,     6.0,     6.0,     5.0,     5.0,     4.0,     5.0,     4.0,     5.0,     4.0,     3.0,     3.0,     2.0,     3.0,     2.0,     3.0,     2.0,     3.0,     2.0,    11.0,     4.7,   227.0
100245,`d@@@@@@@,kWH   ,     0.0,     0.0,     0.0,     0.0,     0.0,     0.0,     0.0,     0.0,     0.0,     0.0,     0.0,     0.0,     0.0,     0.0,     0.0,     0.0,     0.0,     0.0,     0.0,     0.0,     0.0,     1.0,     0.0,     1.0,     1.0,     0.0,     1.0,     1.0,     1.0,     1.0,     1.0,     2.0,     2.0,     1.0,     1.0,     1.0,     1.0,     1.0,     0.0,     0.0,     0.0,     0.0,     0.0,     0.0,     0.0,     0.0,     0.0,     0.0,     0.0,     2.0,     0.4,    17.0
100246,72d@@@@@@@@@@,kWH   ,     0.0,     1.0,     0.0,     1.0,     0.0,     1.0,     0.0,     1.0,     0.0,     1.0,     0.0,     1.0,     0.0,     1.0,     2.0,     2.0,     2.0,     4.0,     4.0,     8.0,     7.0,     7.0,    12.0,     7.0,     7.0,     9.0,     7.0,     9.0,    10.0,    10.0,    13.0,    14.0,    13.0,    12.0,     6.0,     3.0,     3.0,     3.0,     3.0,     1.0,     2.0,     1.0,     1.0,     2.0,     0.0,     1.0,     0.0,     0.0,     0.0,    14.0,     4.0,   192.0
100247,()d@@@@@@@,kWH   ,     0.0,     0.0,     0.0,     0.0,     0.0,     0.0,     0.0,     0.0,     0.0,     0.0,     0.0,     0.0,     0.0,     0.0,     0.0,     0.0,     0.0,     0.0,     0.0,     0.0,     0.0,     0.0,     0.0,     0.0,     0.0,     0.0,     0.0,     0.0,     0.0,     0.0,     0.0,     0.0,     0.0,     0.0,     0.0,     0.0,     0.0,     0.0,     0.0,     0.0,     0.0,     0.0,     0.0,     0.0,     0.0,     0.0,     0.0,     0.0,     0.0,     0.0,     0.0,     0.0
100248,55d@@@@@@@@@@,kWH   ,     8.0,     8.0,     9.0,     8.0,     8.0,     8.0,     9.0,     8.0,     8.0,     9.0,     8.0,     8.0,     8.0,     8.0,     8.0,     7.0,     6.0,     8.0,    10.0,    19.0,    20.0,    21.0,    21.0,    20.0,    20.0,    19.0,    16.0,    18.0,    18.0,    20.0,    20.0,    16.0,    14.0,    12.0,    12.0,    11.0,    11.0,    10.0,    10.0,     9.0,     8.0,     8.0,     8.0,     9.0,     8.0,     8.0,     8.0,     8.0,     6.0,    21.0,    11.6,   556.0
100249,7071d @@@@@@@@,kWH   ,     7.0,     7.0,     7.0,     6.0,     7.0,     7.0,     7.0,     7.0,     7.0,     7.0,     7.0,     7.0,     7.0,     6.0,     8.0,     7.0,    20.0,    23.0,    25.0,    21.0,    23.0,    25.0,    24.0,    22.0,    22.0,    22.0,    20.0,    23.0,    22.0,    23.0,    22.0,    22.0,    19.0,    19.0,    24.0,    24.0,    23.0,    24.0,    17.0,    16.0,    15.0,    14.0,    14.0,     8.0,     7.0,     7.0,     6.0,     7.0,     6.0,    25.0,    14.9,   714.0
100250,d@@@@@@@@,kWH   ,     1.0,     1.0,     1.0,     1.0,     1.0,     1.0,     2.0,     1.0,     1.0,     1.0,     1.0,     1.0,     1.0,     1.0,     1.0,     1.0,     3.0,     3.0,     2.0,     3.0,     4.0,     3.0,     4.0,     3.0,     2.0,     2.0,     1.0,     2.0,     1.0,     2.0,     1.0,     6.0,     8.0,    13.0,    17.0,    17.0,    17.0,    17.0,    16.0,    18.0,    20.0,    16.0,     5.0,     4.0,     1.0,     2.0,     1.0,     2.0,     1.0,    20.0,     4.9,   233.0
100251,25d@@@@@@@@@@,kWH   ,    12.0,    14.0,    14.0,    13.0,    13.0,    12.0,    11.0,    10.0,    10.0,    10.0,    11.0,    10.0,    10.0,    11.0,    12.0,    15.0,    18.0,    22.0,    31.0,    41.0,    51.0,    55.0,    60.0,    65.0,    63.0,    62.0,    64.0,    68.0,    64.0,    65.0,    66.0,    63.0,    62.0,    65.0,    55.0,    44.0,    42.0,    37.0,    28.0,    26.0,    21.0,    20.0,    19.0,    13.0,    11.0,    12.0,    11.0,    11.0,    10.0,    68.0,    31.7,  1523.0
100252,14d@@@@@@@@,kWH   ,    12.0,    12.0,    13.0,    13.0,    12.0,    12.0,    12.0,    13.0,    12.0,    12.0,    11.0,    12.0,    11.0,    11.0,     9.0,    10.0,     9.0,    11.0,    15.0,    15.0,    17.0,    16.0,    20.0,    16.0,    17.0,    17.0,    22.0,    21.0,    25.0,    26.0,    28.0,    28.0,    26.0,    25.0,    22.0,    21.0,    22.0,    20.0,    17.0,    17.0,    16.0,    15.0,    14.0,    13.0,    13.0,    13.0,    13.0,    12.0,     9.0,    28.0,    16.0,   769.0
100253,d@@@@@@@@@@,kWH   ,    18.0,    14.0,    14.0,    14.0,    18.0,    12.0,    14.0,    13.0,    18.0,    14.0,    14.0,    14.0,    19.0,    18.0,    18.0,    15.0,    15.0,    13.0,    20.0,    21.0,    20.0,    19.0,    21.0,    19.0,    20.0,    18.0,    20.0,    25.0,    26.0,    23.0,    24.0,    24.0,    24.0,    30.0,    62.0,    73.0,    75.0,    79.0,    77.0,    77.0,    77.0,    71.0,    44.0,    26.0,    22.0,    19.0,    21.0,    21.0,    12.0,    79.0,    28.6,  1373.0
100254,ssd@@@@@@@@,kWH   ,     4.0,     4.0,     5.0,     4.0,     4.0,     4.0,     4.0,     3.0,     4.0,     4.0,     5.0,     4.0,     5.0,     4.0,     2.0,     3.0,     6.0,     8.0,    25.0,    24.0,    19.0,    22.0,    18.0,    17.0,    17.0,    20.0,    23.0,    25.0,    24.0,    25.0,    29.0,    27.0,    26.0,    30.0,    31.0,    28.0,    21.0,    21.0,    16.0,    15.0,    14.0,    13.0,    12.0,     8.0,     6.0,     5.0,     7.0,     6.0,     2.0,    31.0,    13.6,   651.0
100160,OCx@@@@@@@@@@@@,    ,    13.4,    13.4,    13.0,    12.8,    12.4,    12.3,    12.0,    12.0,    11.5,    11.5,    11.0,    10.5,    10.5,    10.8,    11.4,    11.9,    12.5,    13.4,    14.4,    15.0,    15.5,    16.8,    17.8,    18.8,    21.0,    20.8,    20.1,    19.8,    19.5,    18.3,    18.1,    17.8,    17.6,    17.5,    17.5,    17.3,    17.1,    17.1,    17.3,    16.6,    16.3,    16.6,    15.3,    14.6,    14.6,    14.5,    14.6,    14.6,    10.5,    21.0,    15.2,        
100161,OCx@@@@@@@@@@@@,%     ,    63.0,    63.0,    62.0,    63.0,    63.0,    64.0,    64.0,    64.0,    66.0,    65.0,    68.0,    69.0,    67.0,    65.0,    61.0,    58.0,    55.0,    51.0,    46.0,    43.0,    42.0,    38.0,    32.0,    28.0,    25.0,    29.0,    37.0,    52.0,    52.0,    58.0,    59.0,    61.0,    64.0,    64.0,    65.0,    66.0,    67.0,    67.0,    67.0,    75.0,    76.0,    75.0,    88.0,    95.0,    96.0,    96.0,    96.0,    95.0,    25.0,    96.0,    62.2,        
