f}hf[^,2018N,04,06
@,@,P,0:30,1:00,1:30,2:00,2:30,3:00,3:30,4:00,4:30,5:00,5:30,6:00,6:30,7:00,7:30,8:00,8:30,9:00,9:30,10:00,10:30,11:00,11:30,12:00,12:30,13:00,13:30,14:00,14:30,15:00,15:30,16:00,16:30,17:00,17:30,18:00,18:30,19:00,19:30,20:00,20:30,21:00,21:30,22:00,22:30,23:00,23:30,0:00,l,l,l,vl
 90103,番菔呓dd@@@@@@@,kWH   ,     360,     352,     360,     353,     355,     353,     351,     364,     363,     350,     341,     338,     353,     358,     389,     400,     449,     535,     656,     693,     730,     746,     773,     806,     812,     811,     804,     809,     806,     816,     794,     795,     758,     747,     693,     646,     617,     604,     562,     530,     504,     485,     442,     403,     382,     374,     370,     367,     338,     816,     543,   26059
 90104,挤菔呓dd@@@@@@@,kWH   ,     146,     145,     146,     143,     146,     144,     146,     145,     146,     142,     149,     153,     151,     154,     163,     163,     185,     221,     276,     298,     319,     338,     353,     347,     354,     361,     347,     335,     328,     327,     323,     313,     307,     313,     322,     315,     317,     311,     293,     289,     280,     256,     203,     191,     169,     160,     156,     152,     142,     361,     238,   11441
100201,nd@@@@@@@@,kWH   ,   127.0,   116.0,   119.0,   119.0,   118.0,   118.0,   120.0,   127.0,   133.0,   119.0,   122.0,   119.0,   134.0,   136.0,   148.0,   159.0,   175.0,   200.0,   255.0,   268.0,   284.0,   279.0,   291.0,   307.0,   324.0,   317.0,   305.0,   305.0,   303.0,   314.0,   299.0,   296.0,   287.0,   279.0,   279.0,   246.0,   228.0,   220.0,   199.0,   187.0,   180.0,   168.0,   146.0,   135.0,   135.0,   127.0,   125.0,   125.0,   116.0,   324.0,   200.5,  9622.0
100202,nd@@@@@@@@,kWH   ,    66.0,    67.0,    67.0,    70.0,    67.0,    68.0,    68.0,    69.0,    66.0,    66.0,    55.0,    49.0,    50.0,    50.0,    60.0,    74.0,    88.0,   119.0,   172.0,   201.0,   212.0,   220.0,   229.0,   244.0,   247.0,   246.0,   239.0,   244.0,   246.0,   242.0,   237.0,   236.0,   222.0,   219.0,   180.0,   171.0,   164.0,   166.0,   155.0,   137.0,   130.0,   123.0,   104.0,    80.0,    70.0,    69.0,    68.0,    68.0,    49.0,   247.0,   136.7,  6560.0
100203,knd@@@@@@@@,kWH   ,    89.0,    88.0,    88.0,    86.0,    87.0,    86.0,    85.0,    87.0,    87.0,    87.0,    86.0,    88.0,    87.0,    87.0,    92.0,    90.0,    95.0,   100.0,   108.0,   119.0,   126.0,   132.0,   140.0,   144.0,   141.0,   137.0,   142.0,   147.0,   145.0,   146.0,   146.0,   147.0,   143.0,   139.0,   132.0,   129.0,   124.0,   118.0,   116.0,   116.0,   109.0,   107.0,   102.0,   100.0,    94.0,    91.0,    91.0,    90.0,    85.0,   147.0,   110.8,  5316.0
100205,6d @@@@@@@@,kWH   ,     5.0,     5.0,     5.0,     5.0,     6.0,     5.0,     4.0,     5.0,     5.0,     5.0,     5.0,     4.0,     5.0,     5.0,     6.0,     5.0,     5.0,     6.0,     8.0,     8.0,     8.0,     9.0,    10.0,    10.0,    10.0,     9.0,    11.0,    10.0,    10.0,    12.0,    11.0,    11.0,    11.0,    10.0,    10.0,     9.0,    10.0,     9.0,     9.0,     8.0,     7.0,     7.0,     7.0,     6.0,     6.0,     6.0,     6.0,     6.0,     4.0,    12.0,     7.4,   355.0
100206,16d@@@@@@@@,kWH   ,    28.0,    28.0,    29.0,    28.0,    28.0,    28.0,    28.0,    28.0,    28.0,    28.0,    27.0,    28.0,    28.0,    26.0,    27.0,    27.0,    29.0,    36.0,    40.0,    43.0,    43.0,    43.0,    44.0,    44.0,    45.0,    45.0,    47.0,    45.0,    45.0,    45.0,    46.0,    49.0,    50.0,    47.0,    49.0,    47.0,    46.0,    45.0,    41.0,    38.0,    35.0,    37.0,    35.0,    33.0,    32.0,    30.0,    29.0,    30.0,    26.0,    50.0,    36.6,  1757.0
100208,2d @@@@@@@@@@,kWH   ,    19.0,    16.0,    16.0,    16.0,    16.0,    15.0,    16.0,    22.0,    29.0,    16.0,    16.0,    15.0,    24.0,    22.0,    32.0,    41.0,    31.0,    35.0,    40.0,    46.0,    57.0,    43.0,    44.0,    45.0,    51.0,    51.0,    43.0,    40.0,    44.0,    57.0,    43.0,    40.0,    36.0,    37.0,    43.0,    38.0,    28.0,    28.0,    26.0,    24.0,    26.0,    31.0,    21.0,    16.0,    16.0,    15.0,    15.0,    14.0,    14.0,    57.0,    30.3,  1455.0
100209,1d @@@@@@@@@@,kWH   ,     2.0,     2.0,     2.0,     2.0,     2.0,     2.0,     2.0,     2.0,     3.0,     2.0,     2.0,     2.0,     3.0,     3.0,     4.0,     4.0,     4.0,     9.0,    11.0,    11.0,    12.0,    15.0,    15.0,    15.0,    14.0,    14.0,    17.0,    18.0,    17.0,    17.0,    16.0,    17.0,    16.0,    16.0,    15.0,    12.0,    10.0,    11.0,    10.0,    10.0,     9.0,     8.0,     7.0,     6.0,     4.0,     4.0,     3.0,     3.0,     2.0,    18.0,     8.4,   405.0
100210,5d @@@@@@@@@@,kWH   ,    14.0,    14.0,    14.0,    14.0,    13.0,    14.0,    13.0,    14.0,    14.0,    14.0,    13.0,    14.0,    14.0,    14.0,    14.0,    15.0,    16.0,    19.0,    22.0,    23.0,    22.0,    23.0,    27.0,    29.0,    30.0,    31.0,    33.0,    34.0,    33.0,    34.0,    35.0,    35.0,    35.0,    30.0,    29.0,    25.0,    24.0,    23.0,    22.0,    20.0,    21.0,    18.0,    18.0,    18.0,    18.0,    17.0,    18.0,    17.0,    13.0,    35.0,    21.3,  1021.0
100211,378d @@@@@@@@,kWH   ,    38.0,    38.0,    39.0,    38.0,    37.0,    39.0,    39.0,    39.0,    38.0,    38.0,    38.0,    38.0,    39.0,    39.0,    40.0,    39.0,    41.0,    44.0,    55.0,    58.0,    62.0,    66.0,    63.0,    64.0,    65.0,    59.0,    60.0,    64.0,    61.0,    63.0,    61.0,    65.0,    64.0,    65.0,    62.0,    62.0,    62.0,    61.0,    52.0,    50.0,    48.0,    46.0,    45.0,    44.0,    45.0,    41.0,    41.0,    41.0,    37.0,    66.0,    49.9,  2396.0
100212,1920d @@@@@@@@,kWH   ,    17.0,    16.0,    16.0,    16.0,    16.0,    17.0,    16.0,    17.0,    16.0,    16.0,    20.0,    19.0,    18.0,    23.0,    22.0,    23.0,    24.0,    29.0,    44.0,    40.0,    39.0,    44.0,    47.0,    52.0,    58.0,    55.0,    55.0,    55.0,    55.0,    50.0,    50.0,    50.0,    53.0,    49.0,    41.0,    34.0,    29.0,    29.0,    31.0,    28.0,    28.0,    22.0,    19.0,    20.0,    18.0,    17.0,    18.0,    18.0,    16.0,    58.0,    31.0,  1489.0
100213,10d@@@@@@@@@@,kWH   ,     3.0,     4.0,     4.0,     4.0,     4.0,     4.0,     4.0,     3.0,     4.0,     4.0,     4.0,     4.0,     4.0,     4.0,     4.0,     5.0,     8.0,    11.0,    18.0,    28.0,    26.0,    26.0,    30.0,    34.0,    33.0,    33.0,    28.0,    29.0,    28.0,    26.0,    26.0,    23.0,    20.0,    18.0,    21.0,    15.0,    15.0,    17.0,    14.0,    14.0,    13.0,     8.0,     9.0,     5.0,     5.0,     5.0,     4.0,     5.0,     3.0,    34.0,    13.7,   658.0
100214,番菔呓踢谆蕙15d@@@@,kWH   ,     9.0,     8.0,     8.0,     9.0,     8.0,     9.0,     8.0,     8.0,     9.0,     9.0,     9.0,     9.0,    11.0,    10.0,    13.0,    11.0,    28.0,    33.0,    43.0,    40.0,    43.0,    42.0,    43.0,    46.0,    49.0,    50.0,    47.0,    43.0,    42.0,    44.0,    45.0,    44.0,    42.0,    41.0,    46.0,    39.0,    37.0,    33.0,    22.0,    21.0,    17.0,    13.0,    10.0,     9.0,     9.0,     8.0,     8.0,     8.0,     8.0,    50.0,    24.9,  1193.0
100215,33d@@@@@@@@@@,kWH   ,    25.0,    26.0,    26.0,    26.0,    25.0,    25.0,    25.0,    25.0,    25.0,    26.0,    25.0,    25.0,    27.0,    25.0,    29.0,    27.0,    29.0,    28.0,    29.0,    32.0,    33.0,    34.0,    36.0,    38.0,    35.0,    38.0,    36.0,    37.0,    37.0,    37.0,    36.0,    37.0,    36.0,    34.0,    34.0,    33.0,    35.0,    32.0,    33.0,    32.0,    32.0,    31.0,    30.0,    30.0,    28.0,    26.0,    27.0,    26.0,    25.0,    38.0,    30.5,  1463.0
100216,1711d @@@@@@@@,kWH   ,    17.0,    17.0,    17.0,    17.0,    17.0,    17.0,    17.0,    18.0,    16.0,    17.0,    17.0,    17.0,    17.0,    16.0,    17.0,    16.0,    17.0,    19.0,    20.0,    22.0,    23.0,    24.0,    27.0,    27.0,    28.0,    27.0,    27.0,    25.0,    26.0,    27.0,    26.0,    27.0,    25.0,    26.0,    25.0,    26.0,    25.0,    23.0,    24.0,    24.0,    23.0,    22.0,    21.0,    21.0,    19.0,    17.0,    18.0,    17.0,    16.0,    28.0,    21.2,  1018.0
100217,3031d @@@@@@@@,kWH   ,    34.0,    32.0,    33.0,    32.0,    33.0,    32.0,    32.0,    33.0,    32.0,    33.0,    32.0,    33.0,    32.0,    32.0,    34.0,    34.0,    37.0,    39.0,    46.0,    52.0,    58.0,    57.0,    62.0,    62.0,    61.0,    56.0,    61.0,    66.0,    62.0,    61.0,    61.0,    64.0,    60.0,    61.0,    54.0,    51.0,    46.0,    45.0,    43.0,    42.0,    40.0,    37.0,    37.0,    35.0,    32.0,    34.0,    32.0,    33.0,    32.0,    66.0,    44.0,  2110.0
100218,32d@@@@@@@@@@,kWH   ,    12.0,    11.0,    13.0,    10.0,    11.0,    12.0,    11.0,    11.0,    12.0,    12.0,    11.0,    12.0,    12.0,    11.0,    13.0,    12.0,    13.0,    12.0,    12.0,    13.0,    13.0,    15.0,    15.0,    15.0,    15.0,    16.0,    16.0,    19.0,    17.0,    20.0,    22.0,    19.0,    19.0,    19.0,    18.0,    18.0,    18.0,    17.0,    17.0,    16.0,    15.0,    15.0,    14.0,    15.0,    15.0,    14.0,    14.0,    14.0,    10.0,    22.0,    14.5,   696.0
100219,w段百d @@@@@@@,kWH   ,     5.0,     6.0,     6.0,     6.0,     6.0,     6.0,     6.0,     6.0,     6.0,     6.0,     6.0,     5.0,     6.0,     6.0,     6.0,     7.0,     9.0,    12.0,    13.0,    14.0,    14.0,    13.0,    13.0,    13.0,    14.0,    13.0,    14.0,    11.0,    10.0,     8.0,     8.0,     9.0,     8.0,     6.0,     6.0,     7.0,     6.0,     6.0,     6.0,     7.0,     5.0,     6.0,     7.0,     6.0,     5.0,     6.0,     6.0,     6.0,     5.0,    14.0,     8.0,   382.0
100220,}d@@@@@@@@@@,kWH   ,     3.0,     3.0,     3.0,     3.0,     3.0,     3.0,     3.0,     3.0,     4.0,     3.0,     3.0,     3.0,     3.0,     3.0,     3.0,     3.0,     5.0,    14.0,    24.0,    28.0,    30.0,    30.0,    31.0,    36.0,    35.0,    34.0,    36.0,    34.0,    35.0,    36.0,    35.0,    35.0,    28.0,    28.0,    29.0,    28.0,    27.0,    28.0,    29.0,    29.0,    28.0,    27.0,    19.0,     5.0,     4.0,     4.0,     3.0,     4.0,     3.0,    36.0,    17.6,   847.0
100221,}Vd@@@@@@@@,kWH   ,     3.0,     3.0,     3.0,     3.0,     3.0,     3.0,     3.0,     4.0,     3.0,     3.0,     2.0,     3.0,     3.0,     4.0,     3.0,     3.0,     3.0,    10.0,    17.0,    15.0,    15.0,    15.0,    16.0,    15.0,    17.0,    16.0,    15.0,    17.0,    17.0,    15.0,    14.0,    14.0,    15.0,    16.0,    14.0,    13.0,    14.0,    16.0,    14.0,    11.0,    10.0,     9.0,     8.0,     4.0,     3.0,     4.0,     3.0,     3.0,     2.0,    17.0,     9.1,   437.0
100222,21d@@@@@@@@@@,kWH   ,     7.0,     7.0,     7.0,     7.0,     7.0,     7.0,     7.0,     6.0,     7.0,     6.0,     7.0,     7.0,     6.0,     7.0,     8.0,     8.0,     9.0,    12.0,    20.0,    20.0,    24.0,    27.0,    27.0,    28.0,    28.0,    28.0,    27.0,    27.0,    26.0,    27.0,    25.0,    22.0,    19.0,    21.0,    20.0,    19.0,    17.0,    14.0,    15.0,    14.0,    14.0,    12.0,    10.0,     9.0,     7.0,     8.0,     7.0,     8.0,     6.0,    28.0,    14.6,   702.0
100223,22()d@@@@@@@@,kWH   ,     1.0,     1.0,     2.0,     1.0,     2.0,     1.0,     2.0,     1.0,     2.0,     1.0,     2.0,     1.0,     1.0,     2.0,     1.0,     2.0,     2.0,     2.0,     4.0,    21.0,    20.0,    16.0,    16.0,    18.0,    19.0,    18.0,    11.0,    10.0,     9.0,     9.0,     9.0,     9.0,     8.0,     7.0,     3.0,     3.0,     2.0,     1.0,     2.0,     1.0,     1.0,     2.0,     1.0,     2.0,     1.0,     2.0,     1.0,     1.0,     1.0,    21.0,     5.3,   254.0
100224,24(窬堇)d@@@,kWH   ,    14.0,    15.0,    15.0,    16.0,    16.0,    15.0,    15.0,    17.0,    14.0,    16.0,    16.0,    15.0,    15.0,    15.0,    15.0,    15.0,    16.0,    17.0,    17.0,    18.0,    17.0,    18.0,    17.0,    18.0,    17.0,    17.0,    18.0,    17.0,    17.0,    17.0,    18.0,    18.0,    18.0,    18.0,    18.0,    17.0,    17.0,    18.0,    17.0,    16.0,    16.0,    15.0,    16.0,    15.0,    15.0,    15.0,    16.0,    15.0,    14.0,    18.0,    16.3,   783.0
100225,23(鼗傲据腊)d@@@@@,kWH   ,     4.0,     4.0,     5.0,     5.0,     4.0,     5.0,     4.0,     6.0,     4.0,     4.0,     4.0,     5.0,     5.0,     4.0,     4.0,     5.0,     4.0,     6.0,     6.0,     9.0,     7.0,     8.0,     9.0,     7.0,     9.0,     7.0,     7.0,     8.0,     9.0,     7.0,     7.0,     7.0,     8.0,     7.0,     6.0,     6.0,     6.0,     7.0,     7.0,     7.0,     7.0,     7.0,     6.0,     6.0,     5.0,     5.0,     4.0,     4.0,     4.0,     9.0,     6.0,   287.0
100226,矣乇傥百d@@@@@@@@@,kWH   ,     1.0,     2.0,     2.0,     2.0,     2.0,     2.0,     1.0,     2.0,     2.0,     2.0,     2.0,     1.0,     2.0,     1.0,     2.0,    19.0,    22.0,    21.0,    22.0,    22.0,    22.0,    22.0,    21.0,    22.0,    21.0,    21.0,    21.0,    22.0,    21.0,    22.0,    21.0,    22.0,    21.0,    20.0,     2.0,     1.0,     2.0,     4.0,     4.0,     4.0,     3.0,     4.0,     4.0,     4.0,     3.0,     1.0,     2.0,     2.0,     1.0,    22.0,     9.8,   471.0
100227,绁痪堇d @@@@@@,kWH   ,    14.0,    14.0,    16.0,    15.0,    14.0,    15.0,    15.0,    15.0,    14.0,    14.0,     4.0,     0.0,     0.0,     0.0,     0.0,     0.0,     0.0,     0.0,     0.0,     0.0,     0.0,     0.0,     0.0,     1.0,     0.0,     0.0,     0.0,     9.0,    14.0,    16.0,    16.0,    19.0,    19.0,    20.0,    20.0,    22.0,    23.0,    22.0,    21.0,    22.0,    19.0,    14.0,    14.0,    15.0,    15.0,    15.0,    14.0,    16.0,     0.0,    23.0,    10.8,   516.0
100228,5Od @@@@@@@@,kWH   ,    20.0,    19.0,    18.0,    20.0,    20.0,    18.0,    19.0,    21.0,    18.0,    19.0,    20.0,    19.0,    18.0,    20.0,    19.0,    19.0,    20.0,    19.0,    19.0,    20.0,    19.0,    20.0,    20.0,    21.0,    20.0,    20.0,    18.0,    20.0,    19.0,    19.0,    20.0,    20.0,    18.0,    21.0,    19.0,    19.0,    20.0,    18.0,    19.0,    17.0,    18.0,    19.0,    16.0,    17.0,    19.0,    16.0,    18.0,    17.0,    16.0,    21.0,    19.0,   912.0
100229,}()d@@@@@@@,kWH   ,     1.0,     1.0,     2.0,     1.0,     2.0,     1.0,     2.0,     1.0,     1.0,     2.0,     1.0,     1.0,     1.0,     2.0,     2.0,     1.0,     1.0,     1.0,     1.0,     2.0,     2.0,     2.0,     2.0,     3.0,     1.0,     2.0,     2.0,     1.0,     1.0,     2.0,     2.0,     1.0,     3.0,     2.0,     2.0,     1.0,     2.0,     1.0,     3.0,     2.0,     1.0,     2.0,     1.0,     1.0,     2.0,     1.0,     1.0,     1.0,     1.0,     3.0,     1.5,    74.0
100230,22()d@@@@@@@@,kWH   ,     0.0,     1.0,     1.0,     1.0,     1.0,     0.0,     1.0,     1.0,     1.0,     1.0,     1.0,     0.0,     1.0,     1.0,     1.0,     1.0,     1.0,     2.0,     1.0,     1.0,     2.0,     3.0,     3.0,     3.0,     4.0,     4.0,     4.0,     4.0,     3.0,     4.0,     4.0,     6.0,     6.0,     5.0,     4.0,     2.0,     2.0,     1.0,     2.0,     1.0,     1.0,     1.0,     2.0,     1.0,     0.0,     1.0,     1.0,     1.0,     0.0,     6.0,     1.9,    93.0
100231,25d@@@@@@@@,kWH   ,    10.0,    10.0,    11.0,    10.0,    11.0,    10.0,    10.0,    11.0,    11.0,    10.0,    11.0,    10.0,    11.0,    13.0,    15.0,    16.0,    18.0,    22.0,    28.0,    39.0,    45.0,    51.0,    56.0,    62.0,    62.0,    61.0,    65.0,    63.0,    60.0,    57.0,    57.0,    52.0,    50.0,    51.0,    47.0,    37.0,    33.0,    29.0,    27.0,    27.0,    25.0,    25.0,    22.0,    22.0,    18.0,    13.0,    13.0,    12.0,    10.0,    65.0,    29.8,  1429.0
100232,皋壮菽d @@@@@@@,kWH   ,    21.0,    20.0,    21.0,    21.0,    21.0,    20.0,    21.0,    21.0,    21.0,    20.0,    21.0,    22.0,    20.0,    20.0,    17.0,    19.0,    20.0,    19.0,    26.0,    30.0,    31.0,    32.0,    36.0,    36.0,    37.0,    38.0,    39.0,    41.0,    41.0,    43.0,    45.0,    46.0,    46.0,    53.0,    90.0,   102.0,   108.0,   114.0,   113.0,   114.0,   113.0,   102.0,    58.0,    42.0,    30.0,    27.0,    26.0,    26.0,    17.0,   114.0,    42.7,  2050.0
100233,70d@@@@@@@@,kWH   ,     5.0,     6.0,     6.0,     6.0,     5.0,     6.0,     6.0,     6.0,     5.0,     6.0,     5.0,     6.0,     6.0,     6.0,     8.0,     8.0,    12.0,    16.0,    23.0,    28.0,    27.0,    33.0,    31.0,    29.0,    29.0,    31.0,    32.0,    30.0,    31.0,    27.0,    28.0,    25.0,    29.0,    26.0,    23.0,    19.0,    19.0,    19.0,    16.0,    15.0,    13.0,    10.0,     8.0,     7.0,     5.0,     6.0,     5.0,     6.0,     5.0,    33.0,    15.7,   754.0
100234,50d@@@@@@@@,kWH   ,    84.0,    85.0,    85.0,    84.0,    85.0,    84.0,    84.0,    86.0,    86.0,    82.0,    86.0,    91.0,    89.0,    92.0,    97.0,    99.0,   100.0,   132.0,   157.0,   187.0,   182.0,   197.0,   212.0,   201.0,   204.0,   210.0,   191.0,   182.0,   174.0,   182.0,   172.0,   164.0,   160.0,   156.0,   146.0,   133.0,   131.0,   127.0,   112.0,   108.0,   103.0,   100.0,    95.0,    97.0,    91.0,    91.0,    83.0,    84.0,    82.0,   212.0,   126.3,  6063.0
100235,5051d @@@@@@@@,kWH   ,    42.0,    42.0,    43.0,    42.0,    44.0,    42.0,    42.0,    43.0,    43.0,    40.0,    44.0,    50.0,    47.0,    49.0,    53.0,    52.0,    52.0,    79.0,    95.0,   120.0,   114.0,   127.0,   137.0,   132.0,   134.0,   140.0,   123.0,   110.0,   106.0,   109.0,   102.0,    95.0,    94.0,    91.0,    83.0,    75.0,    76.0,    73.0,    59.0,    56.0,    54.0,    53.0,    50.0,    51.0,    47.0,    48.0,    44.0,    44.0,    40.0,   140.0,    72.7,  3491.0
100236,53(n)d@@@@@@@,kWH   ,    29.0,    30.0,    29.0,    30.0,    30.0,    29.0,    30.0,    30.0,    30.0,    30.0,    29.0,    30.0,    30.0,    29.0,    32.0,    33.0,    34.0,    37.0,    37.0,    37.0,    37.0,    37.0,    36.0,    36.0,    36.0,    36.0,    34.0,    35.0,    36.0,    37.0,    36.0,    37.0,    36.0,    37.0,    37.0,    38.0,    36.0,    37.0,    37.0,    35.0,    36.0,    33.0,    32.0,    32.0,    32.0,    30.0,    26.0,    28.0,    26.0,    38.0,    33.3,  1600.0
100237,52d@@@@@@@@@@,kWH   ,     2.0,     2.0,     2.0,     3.0,     2.0,     2.0,     2.0,     2.0,     2.0,     2.0,     2.0,     1.0,     2.0,     3.0,     2.0,     2.0,     3.0,     3.0,     3.0,     3.0,     4.0,     4.0,     4.0,     3.0,     4.0,     5.0,     5.0,     4.0,     4.0,     5.0,     4.0,     3.0,     4.0,     3.0,     4.0,     3.0,     3.0,     2.0,     3.0,     4.0,     3.0,     3.0,     3.0,     3.0,     2.0,     3.0,     2.0,     3.0,     1.0,     5.0,     3.0,   142.0
100238,疼菝ūd@@@@@@@,kWH   ,        ,        ,        ,        ,        ,        ,        ,        ,        ,        ,        ,        ,        ,        ,        ,        ,        ,        ,        ,        ,        ,        ,        ,        ,        ,        ,        ,        ,        ,        ,        ,        ,        ,        ,        ,        ,        ,        ,        ,        ,        ,        ,        ,        ,        ,        ,        ,        ,        ,        ,        ,        
100239,dd@@@@@@@,kWH   ,     0.0,     0.0,     1.0,     0.0,     1.0,     0.0,     1.0,     0.0,     1.0,     0.0,     1.0,     0.0,     0.0,     1.0,     0.0,     1.0,     0.0,     1.0,     0.0,     1.0,     0.0,     1.0,     0.0,     0.0,     1.0,     1.0,     1.0,     1.0,     1.0,     2.0,     0.0,     1.0,     2.0,     0.0,     1.0,     1.0,     1.0,     1.0,     0.0,     1.0,     0.0,     1.0,     0.0,     1.0,     0.0,     1.0,     0.0,     1.0,     0.0,     2.0,     0.6,    29.0
100240,d@@@@@@@@@@,kWH   ,     0.0,     0.0,     0.0,     0.0,     0.0,     0.0,     0.0,     0.0,     0.0,     0.0,     0.0,     0.0,     0.0,     0.0,     0.0,     0.0,     0.0,     0.0,     5.0,     9.0,    10.0,    11.0,    11.0,    11.0,    11.0,    12.0,    11.0,    13.0,    11.0,    12.0,    13.0,    12.0,    13.0,    14.0,    14.0,    14.0,    14.0,    15.0,    14.0,    14.0,    14.0,    12.0,     8.0,     6.0,     0.0,     1.0,     0.0,     0.0,     0.0,    15.0,     6.4,   305.0
100241,皋壮菽d @@@@@@@@@,kWH   ,     0.0,     0.0,     0.0,     0.0,     0.0,     0.0,     0.0,     0.0,     0.0,     0.0,     0.0,     0.0,     0.0,     0.0,     0.0,     0.0,     0.0,     0.0,     0.0,     0.0,     0.0,     0.0,     0.0,     0.0,     0.0,     0.0,     0.0,     0.0,     0.0,     0.0,     0.0,     0.0,     0.0,     0.0,     0.0,    12.0,    15.0,    16.0,    16.0,    16.0,    16.0,    16.0,     3.0,     0.0,     0.0,     0.0,     0.0,     0.0,     0.0,    16.0,     2.3,   110.0
100242,29(缸剔セ案偬咦晦)d@@,kWH   ,     2.0,     2.0,     2.0,     2.0,     2.0,     3.0,     2.0,     2.0,     2.0,     2.0,     2.0,     3.0,     2.0,     2.0,     2.0,     2.0,     2.0,     2.0,     3.0,     3.0,     3.0,     3.0,     4.0,     4.0,     6.0,     6.0,     6.0,     6.0,     5.0,     6.0,     6.0,     7.0,     7.0,     6.0,     7.0,     6.0,     6.0,     6.0,     6.0,     6.0,     5.0,     4.0,     4.0,     4.0,     3.0,     2.0,     2.0,     2.0,     2.0,     7.0,     3.8,   182.0
100243,闷胶澳d@@@@@@@@@@,kWH   ,     0.0,     0.0,     0.0,     0.0,     0.0,     0.0,     0.0,     0.0,     0.0,     0.0,     0.0,     0.0,     0.0,     0.0,     0.0,     0.0,     0.0,     0.0,     0.0,     0.0,     0.0,     0.0,     0.0,     0.0,     0.0,     0.0,     0.0,     0.0,     0.0,     0.0,     0.0,     0.0,     0.0,     0.0,     0.0,     0.0,     0.0,     0.0,     0.0,     0.0,     0.0,     0.0,     0.0,     0.0,     0.0,     0.0,     0.0,     0.0,     0.0,     0.0,     0.0,     0.0
100244,53()d@@@@@@@,kWH   ,     2.0,     3.0,     2.0,     2.0,     3.0,     2.0,     3.0,     3.0,     2.0,     3.0,     2.0,     3.0,     2.0,     3.0,     2.0,     3.0,     3.0,     5.0,     5.0,    10.0,     6.0,     5.0,     9.0,     7.0,     5.0,     5.0,     6.0,     9.0,     6.0,     7.0,     5.0,     6.0,     4.0,     7.0,     7.0,     4.0,     4.0,     5.0,     4.0,     4.0,     3.0,     3.0,     3.0,     2.0,     3.0,     3.0,     2.0,     3.0,     2.0,    10.0,     4.2,   200.0
100245,`d@@@@@@@,kWH   ,     0.0,     0.0,     0.0,     0.0,     0.0,     0.0,     0.0,     0.0,     0.0,     0.0,     0.0,     0.0,     0.0,     0.0,     0.0,     0.0,     0.0,     0.0,     0.0,     0.0,     1.0,     2.0,     1.0,     2.0,     2.0,     1.0,     2.0,     1.0,     1.0,     2.0,     1.0,     2.0,     1.0,     1.0,     1.0,     0.0,     0.0,     0.0,     0.0,     0.0,     0.0,     0.0,     0.0,     0.0,     0.0,     0.0,     0.0,     0.0,     0.0,     2.0,     0.4,    21.0
100246,72d@@@@@@@@@@,kWH   ,     0.0,     0.0,     0.0,     1.0,     0.0,     1.0,     0.0,     0.0,     1.0,     0.0,     1.0,     0.0,     0.0,     1.0,     1.0,     2.0,     1.0,     2.0,     4.0,     7.0,     7.0,     8.0,    10.0,     9.0,    10.0,     9.0,     8.0,     7.0,     6.0,     6.0,     6.0,     7.0,     6.0,     6.0,     4.0,     4.0,     4.0,     3.0,     2.0,     2.0,     2.0,     2.0,     1.0,     0.0,     1.0,     0.0,     1.0,     0.0,     0.0,    10.0,     3.2,   153.0
100247,()d@@@@@@@,kWH   ,     0.0,     0.0,     0.0,     0.0,     0.0,     0.0,     0.0,     0.0,     0.0,     0.0,     0.0,     0.0,     0.0,     0.0,     0.0,     0.0,     0.0,     0.0,     0.0,     0.0,     0.0,     0.0,     0.0,     0.0,     0.0,     0.0,     0.0,     0.0,     0.0,     0.0,     0.0,     0.0,     0.0,     0.0,     0.0,     0.0,     0.0,     0.0,     0.0,     0.0,     0.0,     0.0,     0.0,     0.0,     0.0,     0.0,     0.0,     0.0,     0.0,     0.0,     0.0,     0.0
100248,55d@@@@@@@@@@,kWH   ,     8.0,     8.0,     8.0,     8.0,     8.0,     8.0,     9.0,     8.0,     8.0,     8.0,     8.0,     8.0,     8.0,     9.0,     9.0,     8.0,     9.0,     8.0,    18.0,    18.0,    19.0,    22.0,    24.0,    23.0,    25.0,    22.0,    23.0,    24.0,    22.0,    22.0,    24.0,    22.0,    20.0,    17.0,    15.0,    14.0,    12.0,    11.0,     9.0,     8.0,     8.0,     9.0,     8.0,     9.0,     8.0,     9.0,     8.0,     8.0,     8.0,    25.0,    13.1,   629.0
100249,7071d @@@@@@@@,kWH   ,     6.0,     7.0,     7.0,     6.0,     7.0,     6.0,     7.0,     7.0,     6.0,     7.0,     6.0,     7.0,     6.0,     7.0,     8.0,     8.0,    12.0,    15.0,    21.0,    22.0,    22.0,    25.0,    23.0,    21.0,    20.0,    24.0,    24.0,    25.0,    25.0,    23.0,    23.0,    20.0,    24.0,    22.0,    19.0,    17.0,    17.0,    17.0,    15.0,    15.0,    13.0,    10.0,     8.0,     7.0,     7.0,     6.0,     6.0,     7.0,     6.0,    25.0,    13.8,   663.0
100250,d@@@@@@@@,kWH   ,     1.0,     1.0,     1.0,     2.0,     1.0,     1.0,     1.0,     2.0,     1.0,     2.0,     1.0,     3.0,     2.0,     3.0,     3.0,     1.0,     1.0,     1.0,     2.0,     2.0,     1.0,     2.0,     2.0,     2.0,     3.0,     1.0,     2.0,     3.0,     2.0,     1.0,     4.0,     3.0,     3.0,     6.0,    17.0,    18.0,    18.0,    18.0,    17.0,    20.0,    20.0,    12.0,     4.0,     4.0,     4.0,     4.0,     3.0,     3.0,     1.0,    20.0,     4.8,   229.0
100251,25d@@@@@@@@@@,kWH   ,    10.0,    11.0,    10.0,    11.0,    10.0,    11.0,    10.0,    11.0,    11.0,    11.0,    10.0,    11.0,    11.0,    13.0,    15.0,    16.0,    19.0,    22.0,    28.0,    38.0,    44.0,    49.0,    55.0,    61.0,    59.0,    60.0,    64.0,    61.0,    59.0,    55.0,    56.0,    51.0,    48.0,    50.0,    46.0,    37.0,    33.0,    30.0,    27.0,    27.0,    25.0,    25.0,    23.0,    23.0,    17.0,    13.0,    14.0,    12.0,    10.0,    64.0,    29.4,  1413.0
100252,14d@@@@@@@@,kWH   ,    12.0,    12.0,    13.0,    12.0,    11.0,    12.0,    11.0,    11.0,    11.0,    12.0,    10.0,    12.0,    11.0,    12.0,    12.0,    11.0,    11.0,    14.0,    15.0,    17.0,    19.0,    23.0,    23.0,    27.0,    27.0,    27.0,    27.0,    26.0,    27.0,    27.0,    30.0,    29.0,    27.0,    27.0,    23.0,    20.0,    19.0,    19.0,    18.0,    18.0,    17.0,    17.0,    16.0,    15.0,    15.0,    14.0,    14.0,    14.0,    10.0,    30.0,    17.6,   847.0
100253,d@@@@@@@@@@,kWH   ,    19.0,    19.0,    20.0,    20.0,    19.0,    19.0,    20.0,    19.0,    20.0,    19.0,    19.0,    19.0,    18.0,    15.0,    14.0,    19.0,    18.0,    17.0,    18.0,    19.0,    17.0,    18.0,    20.0,    20.0,    20.0,    20.0,    20.0,    21.0,    23.0,    24.0,    24.0,    24.0,    25.0,    27.0,    53.0,    52.0,    55.0,    58.0,    61.0,    59.0,    59.0,    58.0,    39.0,    29.0,    25.0,    21.0,    21.0,    21.0,    14.0,    61.0,    26.8,  1284.0
100254,ssd@@@@@@@@,kWH   ,     3.0,     4.0,     4.0,     5.0,     4.0,     3.0,     4.0,     5.0,     4.0,     4.0,     4.0,     4.0,     4.0,     5.0,     6.0,     6.0,     8.0,    14.0,    26.0,    23.0,    23.0,    26.0,    28.0,    27.0,    28.0,    30.0,    28.0,    26.0,    29.0,    28.0,    28.0,    28.0,    28.0,    27.0,    27.0,    24.0,    22.0,    19.0,    15.0,    15.0,    15.0,    14.0,    10.0,     6.0,     4.0,     4.0,     3.0,     4.0,     3.0,    30.0,    14.7,   706.0
100160,OCx@@@@@@@@@@@@,    ,    14.9,    14.8,    14.5,    14.6,    14.6,    14.9,    14.9,    15.0,    15.3,    15.3,    15.4,    15.5,    15.5,    15.9,    16.0,    16.8,    17.5,    18.3,    18.8,    19.3,    19.1,    18.8,    19.0,    18.8,    18.5,    18.3,    18.1,    18.1,    18.0,    17.5,    17.1,    16.8,    16.8,    17.1,    17.3,    17.3,    17.6,    17.6,    17.8,    17.6,    17.3,    15.5,    14.3,    14.0,    13.5,    13.3,    12.6,    12.4,    12.4,    19.3,    16.4,        
100161,OCx@@@@@@@@@@@@,%     ,    97.0,    97.0,    97.0,    97.0,    96.0,    95.0,    94.0,    94.0,    92.0,    90.0,    89.0,    89.0,    88.0,    87.0,    88.0,    87.0,    86.0,    80.0,    74.0,    70.0,    72.0,    71.0,    67.0,    68.0,    70.0,    74.0,    76.0,    82.0,    84.0,    91.0,    99.0,    99.0,    99.0,    99.0,    98.0,    98.0,    97.0,    96.0,    94.0,    97.0,    99.0,    99.0,    99.0,    99.0,    99.0,    99.0,    99.0,    99.0,    67.0,    99.0,    89.8,        
