f}hf[^,2018N,04,10
@,@,P,0:30,1:00,1:30,2:00,2:30,3:00,3:30,4:00,4:30,5:00,5:30,6:00,6:30,7:00,7:30,8:00,8:30,9:00,9:30,10:00,10:30,11:00,11:30,12:00,12:30,13:00,13:30,14:00,14:30,15:00,15:30,16:00,16:30,17:00,17:30,18:00,18:30,19:00,19:30,20:00,20:30,21:00,21:30,22:00,22:30,23:00,23:30,0:00,l,l,l,vl
 90103,番菔呓dd@@@@@@@,kWH   ,     367,     374,     375,     364,     363,     367,     367,     365,     362,     375,     365,     362,     353,     350,     360,     379,     442,     526,     657,     706,     739,     761,     780,     768,     753,     749,     807,     808,     788,     813,     790,     806,     778,     775,     749,     710,     691,     675,     641,     595,     557,     516,     448,     413,     387,     384,     381,     367,     350,     813,     554,   26608
 90104,挤菔呓dd@@@@@@@,kWH   ,     148,     146,     149,     145,     147,     140,     143,     143,     146,     141,     141,     149,     149,     152,     166,     177,     208,     240,     304,     322,     324,     333,     362,     357,     354,     363,     390,     372,     365,     355,     358,     348,     349,     359,     345,     351,     365,     346,     332,     313,     296,     268,     228,     213,     196,     184,     169,     154,     140,     390,     254,   12205
100201,nd@@@@@@@@,kWH   ,   122.0,   133.0,   137.0,   127.0,   123.0,   125.0,   126.0,   125.0,   125.0,   129.0,   143.0,   138.0,   133.0,   134.0,   143.0,   160.0,   206.0,   238.0,   293.0,   304.0,   322.0,   327.0,   344.0,   335.0,   330.0,   329.0,   330.0,   345.0,   325.0,   335.0,   311.0,   312.0,   314.0,   308.0,   293.0,   275.0,   256.0,   245.0,   232.0,   218.0,   192.0,   182.0,   158.0,   145.0,   134.0,   135.0,   139.0,   125.0,   122.0,   345.0,   217.9, 10460.0
100202,nd@@@@@@@@,kWH   ,    66.0,    65.0,    65.0,    66.0,    67.0,    66.0,    67.0,    66.0,    65.0,    65.0,    54.0,    51.0,    48.0,    46.0,    45.0,    41.0,    50.0,    73.0,   138.0,   185.0,   192.0,   192.0,   203.0,   204.0,   202.0,   195.0,   223.0,   231.0,   216.0,   237.0,   234.0,   238.0,   225.0,   223.0,   214.0,   207.0,   208.0,   208.0,   190.0,   177.0,   157.0,   140.0,   101.0,    82.0,    72.0,    69.0,    67.0,    65.0,    41.0,   238.0,   132.5,  6361.0
100203,knd@@@@@@@@,kWH   ,    88.0,    90.0,    89.0,    90.0,    89.0,    88.0,    90.0,    88.0,    90.0,    90.0,    90.0,    91.0,    88.0,    88.0,    88.0,    89.0,    94.0,   103.0,   112.0,   118.0,   118.0,   129.0,   129.0,   135.0,   131.0,   124.0,   136.0,   139.0,   140.0,   138.0,   142.0,   139.0,   139.0,   133.0,   133.0,   128.0,   126.0,   122.0,   117.0,   113.0,   111.0,   108.0,   102.0,    98.0,    95.0,    94.0,    92.0,    93.0,    88.0,   142.0,   109.5,  5257.0
100205,6d @@@@@@@@,kWH   ,     6.0,     5.0,     6.0,     6.0,     5.0,     6.0,     5.0,     6.0,     6.0,     5.0,     6.0,     6.0,     5.0,     6.0,     5.0,     4.0,     4.0,     5.0,     7.0,     6.0,     5.0,     7.0,     8.0,     8.0,     8.0,     8.0,     9.0,     8.0,     8.0,     9.0,     9.0,    10.0,    10.0,     9.0,    10.0,    10.0,     9.0,    10.0,     8.0,     8.0,     8.0,     8.0,     8.0,     8.0,     7.0,     6.0,     7.0,     6.0,     4.0,    10.0,     7.1,   339.0
100206,16d@@@@@@@@,kWH   ,    29.0,    29.0,    30.0,    29.0,    29.0,    30.0,    29.0,    29.0,    29.0,    30.0,    29.0,    30.0,    29.0,    30.0,    30.0,    29.0,    31.0,    34.0,    41.0,    43.0,    48.0,    47.0,    48.0,    47.0,    45.0,    45.0,    47.0,    45.0,    48.0,    45.0,    46.0,    47.0,    47.0,    46.0,    45.0,    44.0,    45.0,    43.0,    43.0,    43.0,    40.0,    40.0,    37.0,    36.0,    35.0,    32.0,    31.0,    30.0,    29.0,    48.0,    37.8,  1814.0
100208,2d @@@@@@@@@@,kWH   ,    15.0,    23.0,    26.0,    15.0,    14.0,    14.0,    15.0,    15.0,    15.0,    17.0,    26.0,    21.0,    19.0,    18.0,    21.0,    30.0,    49.0,    48.0,    48.0,    45.0,    51.0,    58.0,    66.0,    49.0,    46.0,    46.0,    58.0,    69.0,    54.0,    51.0,    44.0,    46.0,    58.0,    52.0,    44.0,    40.0,    32.0,    33.0,    41.0,    33.0,    24.0,    22.0,    20.0,    18.0,    18.0,    22.0,    31.0,    17.0,    14.0,    69.0,    34.1,  1637.0
100209,1d @@@@@@@@@@,kWH   ,     2.0,     2.0,     2.0,     3.0,     2.0,     2.0,     3.0,     2.0,     3.0,     2.0,     3.0,     2.0,     3.0,     4.0,     3.0,     4.0,     6.0,    11.0,    20.0,    18.0,    18.0,    16.0,    18.0,    17.0,    16.0,    14.0,    15.0,    14.0,    14.0,    13.0,    13.0,    15.0,    15.0,    14.0,    14.0,    14.0,    13.0,    13.0,    11.0,    10.0,     9.0,     8.0,     6.0,     7.0,     4.0,     4.0,     2.0,     3.0,     2.0,    20.0,     8.9,   427.0
100210,5d @@@@@@@@@@,kWH   ,    15.0,    17.0,    18.0,    18.0,    15.0,    17.0,    19.0,    17.0,    16.0,    17.0,    20.0,    16.0,    15.0,    15.0,    18.0,    24.0,    20.0,    22.0,    32.0,    35.0,    39.0,    37.0,    38.0,    40.0,    38.0,    38.0,    36.0,    38.0,    39.0,    42.0,    38.0,    38.0,    38.0,    37.0,    37.0,    34.0,    30.0,    25.0,    25.0,    24.0,    22.0,    20.0,    20.0,    23.0,    19.0,    16.0,    16.0,    18.0,    15.0,    42.0,    26.1,  1251.0
100211,378d @@@@@@@@,kWH   ,    37.0,    41.0,    40.0,    39.0,    40.0,    39.0,    39.0,    40.0,    40.0,    39.0,    40.0,    39.0,    40.0,    40.0,    40.0,    41.0,    41.0,    43.0,    60.0,    60.0,    62.0,    61.0,    63.0,    62.0,    65.0,    59.0,    59.0,    60.0,    60.0,    65.0,    65.0,    67.0,    60.0,    63.0,    64.0,    63.0,    64.0,    62.0,    62.0,    54.0,    50.0,    47.0,    46.0,    42.0,    41.0,    40.0,    40.0,    40.0,    37.0,    67.0,    50.5,  2424.0
100212,1920d @@@@@@@@,kWH   ,    21.0,    20.0,    20.0,    20.0,    20.0,    21.0,    21.0,    20.0,    21.0,    21.0,    23.0,    27.0,    24.0,    22.0,    25.0,    25.0,    34.0,    39.0,    48.0,    47.0,    52.0,    53.0,    55.0,    61.0,    57.0,    59.0,    57.0,    62.0,    60.0,    64.0,    53.0,    50.0,    47.0,    54.0,    50.0,    47.0,    40.0,    38.0,    32.0,    35.0,    31.0,    29.0,    22.0,    23.0,    20.0,    19.0,    17.0,    17.0,    17.0,    64.0,    35.9,  1723.0
100213,10d@@@@@@@@@@,kWH   ,     3.0,     4.0,     4.0,     4.0,     4.0,     4.0,     4.0,     4.0,     4.0,     4.0,     4.0,     4.0,     4.0,     4.0,     4.0,     5.0,    17.0,    17.0,    23.0,    38.0,    35.0,    37.0,    37.0,    41.0,    39.0,    38.0,    35.0,    37.0,    37.0,    34.0,    34.0,    29.0,    27.0,    24.0,    20.0,    18.0,    18.0,    20.0,    20.0,    20.0,    15.0,    17.0,    12.0,     6.0,     5.0,     4.0,     5.0,     4.0,     3.0,    41.0,    17.2,   827.0
100214,番菔呓踢谆蕙15d@@@@,kWH   ,     7.0,     8.0,     8.0,     8.0,     8.0,     8.0,     7.0,     8.0,     8.0,     9.0,     8.0,    10.0,    10.0,    11.0,    12.0,    11.0,    22.0,    36.0,    41.0,    39.0,    42.0,    44.0,    45.0,    43.0,    47.0,    49.0,    49.0,    41.0,    42.0,    43.0,    42.0,    47.0,    45.0,    44.0,    41.0,    39.0,    36.0,    32.0,    22.0,    20.0,    19.0,    20.0,    11.0,     8.0,     8.0,     8.0,     8.0,     8.0,     7.0,    49.0,    24.6,  1182.0
100215,33d@@@@@@@@@@,kWH   ,    24.0,    26.0,    25.0,    25.0,    25.0,    26.0,    25.0,    25.0,    25.0,    26.0,    25.0,    26.0,    25.0,    25.0,    26.0,    26.0,    26.0,    29.0,    30.0,    30.0,    32.0,    35.0,    34.0,    36.0,    35.0,    35.0,    36.0,    36.0,    36.0,    36.0,    36.0,    36.0,    36.0,    35.0,    36.0,    35.0,    35.0,    31.0,    33.0,    32.0,    30.0,    30.0,    28.0,    27.0,    27.0,    26.0,    26.0,    26.0,    24.0,    36.0,    29.9,  1436.0
100216,1711d @@@@@@@@,kWH   ,    18.0,    18.0,    19.0,    19.0,    18.0,    18.0,    20.0,    18.0,    19.0,    18.0,    18.0,    19.0,    17.0,    17.0,    17.0,    16.0,    18.0,    19.0,    23.0,    22.0,    22.0,    21.0,    20.0,    20.0,    21.0,    20.0,    23.0,    22.0,    23.0,    24.0,    27.0,    26.0,    29.0,    30.0,    28.0,    27.0,    27.0,    28.0,    26.0,    26.0,    24.0,    24.0,    22.0,    21.0,    19.0,    20.0,    19.0,    20.0,    16.0,    30.0,    21.5,  1030.0
100217,3031d @@@@@@@@,kWH   ,    30.0,    31.0,    30.0,    30.0,    31.0,    30.0,    29.0,    31.0,    30.0,    31.0,    31.0,    31.0,    31.0,    32.0,    31.0,    32.0,    35.0,    39.0,    43.0,    49.0,    48.0,    54.0,    58.0,    60.0,    56.0,    51.0,    56.0,    61.0,    62.0,    59.0,    61.0,    59.0,    56.0,    52.0,    51.0,    48.0,    46.0,    48.0,    41.0,    38.0,    38.0,    38.0,    36.0,    35.0,    32.0,    33.0,    32.0,    33.0,    29.0,    62.0,    41.6,  1999.0
100218,32d@@@@@@@@@@,kWH   ,    14.0,    14.0,    15.0,    16.0,    14.0,    15.0,    15.0,    14.0,    15.0,    14.0,    15.0,    15.0,    14.0,    14.0,    14.0,    15.0,    15.0,    15.0,    15.0,    16.0,    17.0,    18.0,    16.0,    17.0,    18.0,    17.0,    20.0,    18.0,    18.0,    18.0,    19.0,    16.0,    17.0,    15.0,    18.0,    17.0,    16.0,    16.0,    17.0,    17.0,    17.0,    16.0,    16.0,    16.0,    14.0,    15.0,    14.0,    15.0,    14.0,    20.0,    15.9,   762.0
100219,w段百d @@@@@@@,kWH   ,     5.0,     6.0,     6.0,     6.0,     5.0,     6.0,     6.0,     5.0,     6.0,     6.0,     5.0,     6.0,     6.0,     5.0,     8.0,     7.0,    11.0,    11.0,    14.0,    14.0,    16.0,    13.0,    14.0,    14.0,    15.0,    15.0,    14.0,    11.0,    11.0,     9.0,     8.0,     8.0,     8.0,     6.0,     6.0,     5.0,     6.0,     6.0,     6.0,     6.0,     6.0,     6.0,     6.0,     6.0,     5.0,     6.0,     6.0,     5.0,     5.0,    16.0,     8.1,   387.0
100220,}d@@@@@@@@@@,kWH   ,     2.0,     2.0,     2.0,     3.0,     2.0,     3.0,     3.0,     2.0,     2.0,     3.0,     2.0,     2.0,     3.0,     2.0,     2.0,     2.0,     3.0,    12.0,    23.0,    30.0,    35.0,    35.0,    37.0,    41.0,    39.0,    36.0,    42.0,    40.0,    44.0,    48.0,    48.0,    49.0,    45.0,    40.0,    39.0,    39.0,    39.0,    39.0,    40.0,    39.0,    40.0,    36.0,    14.0,     4.0,     2.0,     3.0,     2.0,     2.0,     2.0,    49.0,    21.3,  1022.0
100221,}Vd@@@@@@@@,kWH   ,     3.0,     3.0,     3.0,     3.0,     3.0,     4.0,     4.0,     3.0,     4.0,     3.0,     3.0,     3.0,     3.0,     3.0,     3.0,     3.0,     4.0,     8.0,    13.0,    11.0,    11.0,    12.0,    13.0,    12.0,    11.0,    12.0,    23.0,    26.0,    22.0,    23.0,    22.0,    22.0,    22.0,    22.0,    21.0,    22.0,    21.0,    20.0,    22.0,    22.0,    22.0,    18.0,     9.0,     4.0,     4.0,     5.0,     4.0,     3.0,     3.0,    26.0,    11.2,   537.0
100222,21d@@@@@@@@@@,kWH   ,     7.0,     6.0,     6.0,     7.0,     6.0,     7.0,     6.0,     7.0,     7.0,     7.0,     6.0,     7.0,     6.0,     8.0,     7.0,     8.0,     7.0,    14.0,    18.0,    22.0,    23.0,    29.0,    29.0,    26.0,    28.0,    29.0,    27.0,    26.0,    23.0,    25.0,    24.0,    23.0,    23.0,    21.0,    19.0,    17.0,    16.0,    14.0,    13.0,    13.0,    14.0,    13.0,    14.0,    12.0,    10.0,     9.0,     9.0,     8.0,     6.0,    29.0,    14.7,   706.0
100223,22()d@@@@@@@@,kWH   ,     1.0,     1.0,     2.0,     1.0,     1.0,     2.0,     1.0,     2.0,     1.0,     1.0,     2.0,     1.0,     2.0,     1.0,     1.0,     2.0,     3.0,     4.0,    16.0,    20.0,    19.0,    20.0,    18.0,    19.0,    17.0,    14.0,    22.0,    22.0,    24.0,    24.0,    15.0,    19.0,    17.0,    18.0,    14.0,    10.0,     8.0,     7.0,     3.0,     2.0,     2.0,     2.0,     3.0,     1.0,     2.0,     1.0,     2.0,     1.0,     1.0,    24.0,     8.1,   391.0
100224,24(窬堇)d@@@,kWH   ,    14.0,    13.0,    14.0,    14.0,    14.0,    14.0,    16.0,    14.0,    14.0,    14.0,    15.0,    14.0,    14.0,    14.0,    15.0,    14.0,    15.0,    16.0,    19.0,    21.0,    22.0,    20.0,    20.0,    20.0,    22.0,    19.0,    20.0,    22.0,    21.0,    21.0,    21.0,    21.0,    20.0,    20.0,    20.0,    19.0,    19.0,    20.0,    16.0,    15.0,    14.0,    14.0,    15.0,    14.0,    15.0,    14.0,    14.0,    15.0,    13.0,    22.0,    16.9,   811.0
100225,23(鼗傲据腊)d@@@@@,kWH   ,     4.0,     4.0,     4.0,     5.0,     5.0,     4.0,     4.0,     4.0,     4.0,     4.0,     4.0,     4.0,     5.0,     4.0,     4.0,     4.0,     4.0,     5.0,     8.0,     8.0,     8.0,    11.0,    10.0,    10.0,     6.0,     7.0,     6.0,    11.0,     7.0,     7.0,     7.0,     8.0,     8.0,     8.0,     8.0,     7.0,     6.0,     6.0,     7.0,     7.0,     8.0,     7.0,     6.0,     6.0,     5.0,     4.0,     4.0,     4.0,     4.0,    11.0,     6.1,   291.0
100226,矣乇傥百d@@@@@@@@@,kWH   ,     1.0,     2.0,     2.0,     2.0,     2.0,     2.0,     2.0,     2.0,     2.0,     2.0,     2.0,     2.0,     2.0,     2.0,     2.0,     2.0,     2.0,     2.0,     2.0,     1.0,     2.0,     2.0,     2.0,     2.0,     1.0,     2.0,     1.0,     2.0,     2.0,     2.0,     1.0,     2.0,     1.0,     2.0,     1.0,     2.0,     2.0,     3.0,     4.0,     4.0,     4.0,     4.0,     4.0,     4.0,     2.0,     2.0,     2.0,     2.0,     1.0,     4.0,     2.1,   102.0
100227,绁痪堇d @@@@@@,kWH   ,    15.0,    15.0,    16.0,    15.0,    16.0,    16.0,    16.0,    16.0,    15.0,    16.0,     5.0,     0.0,     0.0,     0.0,     0.0,     0.0,     0.0,     0.0,     0.0,     0.0,     0.0,     0.0,     0.0,     0.0,     0.0,     0.0,     0.0,     0.0,     0.0,     0.0,     0.0,     4.0,     8.0,    10.0,    14.0,    17.0,    20.0,    20.0,    18.0,    20.0,     5.0,     2.0,    12.0,    17.0,    15.0,    14.0,    15.0,    15.0,     0.0,    20.0,     8.1,   387.0
100228,5Od @@@@@@@@,kWH   ,    17.0,    18.0,    16.0,    18.0,    17.0,    19.0,    18.0,    16.0,    19.0,    18.0,    17.0,    19.0,    18.0,    18.0,    19.0,    19.0,    16.0,    18.0,    19.0,    19.0,    18.0,    17.0,    20.0,    19.0,    18.0,    19.0,    18.0,    21.0,    19.0,    18.0,    19.0,    19.0,    19.0,    18.0,    18.0,    18.0,    17.0,    19.0,    18.0,    17.0,    18.0,    18.0,    18.0,    18.0,    18.0,    18.0,    17.0,    19.0,    16.0,    21.0,    18.1,   871.0
100229,}()d@@@@@@@,kWH   ,     1.0,     2.0,     1.0,     1.0,     2.0,     1.0,     2.0,     2.0,     1.0,     2.0,     1.0,     2.0,     1.0,     1.0,     1.0,     2.0,     1.0,     2.0,     2.0,    16.0,     9.0,     6.0,     8.0,     8.0,     8.0,     4.0,    12.0,    13.0,     7.0,    15.0,    17.0,    15.0,     7.0,    15.0,    15.0,    14.0,    20.0,    17.0,    19.0,    20.0,    19.0,    14.0,     1.0,     2.0,     1.0,     1.0,     1.0,     2.0,     1.0,    20.0,     7.0,   334.0
100230,22()d@@@@@@@@,kWH   ,     0.0,     1.0,     1.0,     1.0,     1.0,     0.0,     1.0,     1.0,     1.0,     1.0,     1.0,     0.0,     1.0,     1.0,     1.0,     2.0,     2.0,     1.0,     2.0,     3.0,     2.0,     2.0,     4.0,     5.0,     4.0,     5.0,     5.0,     4.0,     4.0,     4.0,     5.0,     5.0,     4.0,     4.0,     4.0,     3.0,     3.0,     2.0,     2.0,     2.0,     1.0,     1.0,     1.0,     2.0,     1.0,     1.0,     1.0,     1.0,     0.0,     5.0,     2.2,   104.0
100231,25d@@@@@@@@,kWH   ,    13.0,    12.0,    13.0,    13.0,    11.0,    13.0,    12.0,    11.0,    11.0,    12.0,    10.0,    12.0,    14.0,    14.0,    21.0,    26.0,    26.0,    32.0,    39.0,    48.0,    51.0,    59.0,    62.0,    71.0,    74.0,    76.0,    89.0,    79.0,    70.0,    71.0,    74.0,    75.0,    74.0,    73.0,    60.0,    51.0,    48.0,    40.0,    38.0,    29.0,    21.0,    20.0,    19.0,    18.0,    14.0,    14.0,    14.0,    13.0,    10.0,    89.0,    36.7,  1760.0
100232,皋壮菽d @@@@@@@,kWH   ,    23.0,    22.0,    21.0,    21.0,    22.0,    16.0,    17.0,    15.0,    21.0,    16.0,    16.0,    16.0,    21.0,    16.0,    17.0,    22.0,    32.0,    34.0,    36.0,    44.0,    46.0,    40.0,    44.0,    45.0,    41.0,    38.0,    47.0,    46.0,    43.0,    43.0,    47.0,    49.0,    50.0,    62.0,    76.0,    97.0,   129.0,   140.0,   139.0,   139.0,   137.0,   119.0,    86.0,    78.0,    69.0,    62.0,    49.0,    29.0,    15.0,   140.0,    50.8,  2438.0
100233,70d@@@@@@@@,kWH   ,     6.0,     6.0,     7.0,     6.0,     6.0,     6.0,     6.0,     7.0,     7.0,     6.0,     6.0,     6.0,     7.0,     5.0,     8.0,    10.0,    17.0,    20.0,    37.0,    35.0,    30.0,    29.0,    40.0,    34.0,    33.0,    35.0,    36.0,    42.0,    35.0,    38.0,    38.0,    32.0,    33.0,    34.0,    32.0,    28.0,    27.0,    21.0,    20.0,    15.0,    13.0,    12.0,     8.0,     7.0,     7.0,     6.0,     7.0,     6.0,     5.0,    42.0,    19.0,   912.0
100234,50d@@@@@@@@,kWH   ,    81.0,    82.0,    81.0,    81.0,    83.0,    82.0,    82.0,    83.0,    84.0,    83.0,    82.0,    89.0,    85.0,    90.0,    89.0,    93.0,    97.0,   127.0,   165.0,   169.0,   170.0,   186.0,   186.0,   188.0,   182.0,   184.0,   193.0,   191.0,   197.0,   184.0,   175.0,   175.0,   173.0,   167.0,   162.0,   147.0,   138.0,   122.0,   116.0,   111.0,   103.0,    96.0,    97.0,    88.0,    83.0,    79.0,    81.0,    76.0,    76.0,   197.0,   124.1,  5958.0
100235,5051d @@@@@@@@,kWH   ,    46.0,    45.0,    47.0,    46.0,    47.0,    49.0,    46.0,    48.0,    48.0,    48.0,    49.0,    53.0,    52.0,    53.0,    54.0,    53.0,    58.0,    84.0,   112.0,   113.0,   116.0,   127.0,   129.0,   129.0,   125.0,   128.0,   132.0,   124.0,   131.0,   122.0,   110.0,   110.0,   108.0,   105.0,   106.0,    96.0,    92.0,    75.0,    72.0,    66.0,    60.0,    58.0,    57.0,    51.0,    47.0,    44.0,    44.0,    42.0,    42.0,   132.0,    78.3,  3757.0
100236,53(n)d@@@@@@@,kWH   ,    21.0,    24.0,    22.0,    22.0,    22.0,    21.0,    24.0,    21.0,    24.0,    22.0,    21.0,    22.0,    21.0,    23.0,    23.0,    26.0,    23.0,    24.0,    25.0,    21.0,    24.0,    24.0,    24.0,    27.0,    26.0,    25.0,    32.0,    32.0,    30.0,    26.0,    30.0,    29.0,    30.0,    30.0,    27.0,    23.0,    24.0,    27.0,    28.0,    27.0,    27.0,    24.0,    25.0,    24.0,    22.0,    21.0,    23.0,    21.0,    21.0,    32.0,    24.7,  1184.0
100237,52d@@@@@@@@@@,kWH   ,     3.0,     3.0,     3.0,     3.0,     3.0,     3.0,     3.0,     3.0,     2.0,     3.0,     2.0,     2.0,     2.0,     3.0,     3.0,     3.0,     3.0,     4.0,     4.0,     4.0,     4.0,     5.0,     5.0,     6.0,     7.0,     6.0,     4.0,     5.0,     4.0,     6.0,     5.0,     4.0,     4.0,     4.0,     4.0,     4.0,     4.0,     4.0,     3.0,     3.0,     3.0,     3.0,     3.0,     3.0,     2.0,     2.0,     2.0,     2.0,     2.0,     7.0,     3.5,   170.0
100238,疼菝ūd@@@@@@@,kWH   ,        ,        ,        ,        ,        ,        ,        ,        ,        ,        ,        ,        ,        ,        ,        ,        ,        ,        ,        ,        ,        ,        ,        ,        ,        ,        ,        ,        ,        ,        ,        ,        ,        ,        ,        ,        ,        ,        ,        ,        ,        ,        ,        ,        ,        ,        ,        ,        ,        ,        ,        ,        
100239,dd@@@@@@@,kWH   ,     0.0,     1.0,     0.0,     1.0,     0.0,     1.0,     0.0,     1.0,     0.0,     1.0,     0.0,     1.0,     0.0,     1.0,     0.0,     1.0,     0.0,     1.0,     0.0,     1.0,     1.0,     0.0,     1.0,     1.0,     0.0,     1.0,     4.0,     2.0,     1.0,     2.0,     2.0,     0.0,     1.0,     1.0,     1.0,     1.0,     1.0,     0.0,     1.0,     0.0,     0.0,     1.0,     0.0,     1.0,     0.0,     1.0,     0.0,     1.0,     0.0,     4.0,     0.7,    35.0
100240,d@@@@@@@@@@,kWH   ,     0.0,     0.0,     0.0,     0.0,     0.0,     0.0,     0.0,     0.0,     0.0,     0.0,     0.0,     0.0,     0.0,     0.0,     0.0,     1.0,     1.0,     3.0,     7.0,    10.0,    12.0,    11.0,    12.0,    12.0,    10.0,     9.0,    10.0,     9.0,     9.0,     8.0,    12.0,    11.0,    12.0,    12.0,    13.0,    12.0,    12.0,    13.0,    13.0,    13.0,    11.0,    11.0,    10.0,     7.0,     0.0,     1.0,     0.0,     1.0,     0.0,    13.0,     6.0,   288.0
100241,皋壮菽d @@@@@@@@@,kWH   ,     0.0,     0.0,     0.0,     0.0,     0.0,     0.0,     0.0,     0.0,     0.0,     0.0,     0.0,     0.0,     0.0,     0.0,     0.0,     0.0,     0.0,     0.0,     0.0,     0.0,     0.0,     0.0,     0.0,     0.0,     0.0,     0.0,     0.0,     0.0,     0.0,     0.0,     0.0,     0.0,     0.0,     0.0,     0.0,     0.0,    10.0,    16.0,    16.0,    16.0,    16.0,    16.0,     3.0,     0.0,     0.0,     0.0,     0.0,     0.0,     0.0,    16.0,     1.9,    93.0
100242,29(缸剔セ案偬咦晦)d@@,kWH   ,     1.0,     2.0,     2.0,     2.0,     2.0,     2.0,     2.0,     1.0,     2.0,     2.0,     2.0,     2.0,     2.0,     1.0,     2.0,     3.0,     4.0,     6.0,     7.0,     6.0,     7.0,     6.0,     7.0,     6.0,     7.0,     7.0,     9.0,     9.0,     9.0,     9.0,     8.0,     7.0,     7.0,     7.0,     6.0,     6.0,     6.0,     8.0,     5.0,     5.0,     5.0,     5.0,     4.0,     4.0,     2.0,     3.0,     2.0,     2.0,     1.0,     9.0,     4.6,   221.0
100243,闷胶澳d@@@@@@@@@@,kWH   ,     0.0,     0.0,     0.0,     0.0,     0.0,     0.0,     0.0,     0.0,     0.0,     0.0,     0.0,     0.0,     0.0,     0.0,     0.0,     0.0,     0.0,     0.0,     0.0,     0.0,     0.0,     0.0,     0.0,     0.0,     1.0,     0.0,     0.0,     0.0,     1.0,     0.0,     1.0,     0.0,     1.0,     0.0,     0.0,     1.0,     2.0,     3.0,     2.0,     2.0,     2.0,     2.0,     0.0,     0.0,     0.0,     0.0,     0.0,     0.0,     0.0,     3.0,     0.4,    18.0
100244,53()d@@@@@@@,kWH   ,     3.0,     3.0,     3.0,     3.0,     3.0,     3.0,     3.0,     4.0,     3.0,     3.0,     3.0,     3.0,     3.0,     4.0,     3.0,     4.0,     7.0,     8.0,     8.0,    10.0,     9.0,    10.0,    10.0,     9.0,     9.0,     8.0,    10.0,    11.0,    10.0,    10.0,    10.0,     9.0,     9.0,     9.0,     7.0,     8.0,     5.0,     4.0,     5.0,     4.0,     3.0,     3.0,     3.0,     3.0,     3.0,     3.0,     3.0,     3.0,     3.0,    11.0,     5.7,   274.0
100245,`d@@@@@@@,kWH   ,     0.0,     0.0,     0.0,     0.0,     0.0,     0.0,     0.0,     0.0,     0.0,     0.0,     0.0,     0.0,     0.0,     0.0,     0.0,     0.0,     0.0,     0.0,     0.0,     0.0,     1.0,     3.0,     2.0,     3.0,     2.0,     2.0,     1.0,     2.0,     1.0,     2.0,     1.0,     1.0,     1.0,     2.0,     0.0,     1.0,     0.0,     0.0,     0.0,     0.0,     0.0,     0.0,     0.0,     0.0,     0.0,     0.0,     0.0,     0.0,     0.0,     3.0,     0.5,    25.0
100246,72d@@@@@@@@@@,kWH   ,     0.0,     1.0,     0.0,     1.0,     0.0,     1.0,     0.0,     1.0,     0.0,     1.0,     0.0,     1.0,     0.0,     1.0,     2.0,     2.0,     3.0,     1.0,     5.0,     5.0,     4.0,     4.0,     7.0,     7.0,     5.0,     6.0,     8.0,    12.0,     9.0,    13.0,    12.0,    11.0,    11.0,    10.0,     7.0,     7.0,     4.0,     4.0,     5.0,     2.0,     2.0,     1.0,     1.0,     1.0,     0.0,     1.0,     1.0,     1.0,     0.0,    13.0,     3.8,   181.0
100247,()d@@@@@@@,kWH   ,     0.0,     0.0,     0.0,     0.0,     0.0,     0.0,     0.0,     0.0,     0.0,     0.0,     0.0,     0.0,     0.0,     0.0,     0.0,     0.0,     0.0,     0.0,     0.0,     0.0,     0.0,     0.0,     0.0,     0.0,     0.0,     0.0,     0.0,     0.0,     1.0,     1.0,     1.0,     0.0,     0.0,     0.0,     0.0,     1.0,     0.0,     1.0,     1.0,     0.0,     0.0,     0.0,     0.0,     0.0,     0.0,     0.0,     0.0,     0.0,     0.0,     1.0,     0.1,     6.0
100248,55d@@@@@@@@@@,kWH   ,     7.0,     8.0,     7.0,     8.0,     7.0,     8.0,     7.0,     8.0,     8.0,     8.0,     8.0,     8.0,     9.0,     8.0,     8.0,     8.0,     7.0,     8.0,    15.0,    21.0,    17.0,    19.0,    18.0,    15.0,    16.0,    15.0,    14.0,    18.0,    20.0,    20.0,    19.0,    20.0,    21.0,    19.0,    16.0,    14.0,    14.0,    11.0,     9.0,     9.0,    10.0,     9.0,     9.0,     9.0,    10.0,     9.0,     8.0,     9.0,     7.0,    21.0,    11.9,   573.0
100249,7071d @@@@@@@@,kWH   ,     7.0,     7.0,     7.0,     6.0,     7.0,     7.0,     7.0,     7.0,     8.0,     7.0,     7.0,     7.0,     7.0,     6.0,     8.0,     7.0,    16.0,    21.0,    33.0,    31.0,    27.0,    26.0,    34.0,    28.0,    29.0,    30.0,    29.0,    31.0,    27.0,    25.0,    28.0,    22.0,    22.0,    25.0,    26.0,    23.0,    23.0,    18.0,    16.0,    15.0,    12.0,    12.0,     9.0,     7.0,     7.0,     7.0,     7.0,     6.0,     6.0,    34.0,    16.3,   784.0
100250,d@@@@@@@@,kWH   ,     2.0,     1.0,     2.0,     2.0,     1.0,     2.0,     2.0,     1.0,     2.0,     1.0,     2.0,     1.0,     2.0,     1.0,     2.0,     1.0,     4.0,     3.0,     2.0,     2.0,     4.0,     3.0,     6.0,     8.0,     6.0,     3.0,     5.0,     4.0,     3.0,     2.0,     2.0,     2.0,     3.0,    11.0,    16.0,    20.0,    17.0,    18.0,    18.0,    19.0,    20.0,    11.0,     6.0,     5.0,     4.0,     2.0,     1.0,     2.0,     1.0,    20.0,     5.4,   257.0
100251,25d@@@@@@@@@@,kWH   ,    13.0,    13.0,    12.0,    13.0,    12.0,    12.0,    12.0,    11.0,    12.0,    12.0,    10.0,    12.0,    14.0,    14.0,    22.0,    25.0,    26.0,    32.0,    40.0,    47.0,    50.0,    57.0,    59.0,    69.0,    71.0,    75.0,    87.0,    77.0,    69.0,    69.0,    74.0,    73.0,    73.0,    72.0,    59.0,    51.0,    48.0,    40.0,    37.0,    30.0,    20.0,    20.0,    19.0,    18.0,    14.0,    14.0,    14.0,    14.0,    10.0,    87.0,    36.2,  1737.0
100252,14d@@@@@@@@,kWH   ,    14.0,    14.0,    13.0,    14.0,    13.0,    14.0,    13.0,    13.0,    12.0,    14.0,    11.0,    12.0,    11.0,    11.0,     9.0,     8.0,     8.0,    11.0,    13.0,    15.0,    19.0,    22.0,    18.0,    17.0,    19.0,    18.0,    18.0,    20.0,    20.0,    21.0,    21.0,    23.0,    23.0,    25.0,    24.0,    23.0,    23.0,    22.0,    23.0,    21.0,    20.0,    19.0,    17.0,    15.0,    14.0,    13.0,    12.0,    12.0,     8.0,    25.0,    16.4,   785.0
100253,d@@@@@@@@@@,kWH   ,    21.0,    20.0,    20.0,    20.0,    20.0,    15.0,    14.0,    14.0,    20.0,    14.0,    15.0,    14.0,    20.0,    14.0,    16.0,    19.0,    24.0,    23.0,    22.0,    26.0,    25.0,    19.0,    21.0,    20.0,    19.0,    20.0,    21.0,    21.0,    22.0,    21.0,    24.0,    29.0,    29.0,    33.0,    42.0,    57.0,    78.0,    83.0,    83.0,    84.0,    83.0,    75.0,    65.0,    63.0,    63.0,    59.0,    45.0,    26.0,    14.0,    84.0,    33.4,  1601.0
100254,ssd@@@@@@@@,kWH   ,     3.0,     4.0,     5.0,     5.0,     4.0,     4.0,     3.0,     4.0,     4.0,     4.0,     4.0,     4.0,     5.0,     4.0,     3.0,     1.0,     5.0,     7.0,    16.0,    18.0,    20.0,    17.0,    16.0,    19.0,    18.0,    17.0,    18.0,    21.0,    17.0,    22.0,    21.0,    21.0,    24.0,    23.0,    22.0,    22.0,    21.0,    19.0,    16.0,    14.0,    12.0,    13.0,    10.0,     6.0,     4.0,     4.0,     3.0,     3.0,     1.0,    24.0,    11.5,   550.0
100160,OCx@@@@@@@@@@@@,    ,     9.1,     8.4,     8.0,     7.7,     7.2,     7.0,     7.2,     7.4,     7.2,     7.0,     7.0,     7.0,     7.2,     7.0,     8.6,     9.5,    10.5,    12.0,    13.0,    13.4,    14.4,    15.4,    15.9,    17.5,    19.3,    20.8,    21.0,    21.6,    21.8,    21.1,    20.3,    20.1,    19.6,    19.6,    18.6,    17.8,    16.6,    15.6,    15.0,    14.8,    14.5,    14.1,    14.0,    13.9,    13.6,    13.5,    13.5,    13.1,     7.0,    21.8,    13.5,        
100161,OCx@@@@@@@@@@@@,%     ,    69.0,    72.0,    73.0,    74.0,    74.0,    75.0,    72.0,    71.0,    69.0,    68.0,    67.0,    66.0,    67.0,    67.0,    58.0,    57.0,    52.0,    45.0,    42.0,    34.0,    30.0,    25.0,    21.0,    17.0,    14.0,    13.0,    13.0,    14.0,    13.0,    12.0,    14.0,    15.0,    17.0,    20.0,    29.0,    34.0,    45.0,    54.0,    59.0,    62.0,    64.0,    63.0,    59.0,    54.0,    48.0,    49.0,    51.0,    50.0,    12.0,    75.0,    46.5,        
