f}hf[^,2018N,04,09
@,@,P,0:30,1:00,1:30,2:00,2:30,3:00,3:30,4:00,4:30,5:00,5:30,6:00,6:30,7:00,7:30,8:00,8:30,9:00,9:30,10:00,10:30,11:00,11:30,12:00,12:30,13:00,13:30,14:00,14:30,15:00,15:30,16:00,16:30,17:00,17:30,18:00,18:30,19:00,19:30,20:00,20:30,21:00,21:30,22:00,22:30,23:00,23:30,0:00,l,l,l,vl
 90103,番菔呓dd@@@@@@@,kWH   ,     350,     350,     348,     351,     350,     351,     355,     367,     353,     350,     341,     346,     348,     340,     370,     367,     413,     523,     682,     734,     756,     778,     845,     880,     831,     847,     838,     840,     832,     860,     844,     852,     809,     785,     734,     708,     694,     667,     622,     583,     547,     502,     475,     418,     388,     380,     379,     365,     340,     880,     564,   27048
 90104,挤菔呓dd@@@@@@@,kWH   ,     137,     136,     134,     137,     140,     137,     141,     136,     141,     137,     140,     145,     145,     152,     162,     166,     202,     242,     302,     324,     321,     351,     379,     368,     355,     352,     352,     366,     348,     333,     337,     338,     338,     342,     313,     311,     343,     339,     321,     321,     306,     247,     199,     185,     163,     164,     159,     156,     134,     379,     245,   11763
100201,nd@@@@@@@@,kWH   ,   117.0,   113.0,   114.0,   116.0,   119.0,   114.0,   117.0,   130.0,   120.0,   117.0,   116.0,   123.0,   126.0,   125.0,   146.0,   153.0,   178.0,   222.0,   287.0,   314.0,   322.0,   333.0,   357.0,   373.0,   379.0,   385.0,   362.0,   360.0,   357.0,   369.0,   366.0,   349.0,   340.0,   330.0,   314.0,   297.0,   281.0,   259.0,   241.0,   220.0,   207.0,   179.0,   170.0,   144.0,   132.0,   129.0,   132.0,   123.0,   113.0,   385.0,   224.5, 10777.0
100202,nd@@@@@@@@,kWH   ,    65.0,    65.0,    66.0,    65.0,    65.0,    66.0,    68.0,    68.0,    67.0,    66.0,    56.0,    51.0,    51.0,    49.0,    52.0,    45.0,    49.0,    79.0,   161.0,   186.0,   188.0,   198.0,   218.0,   237.0,   216.0,   216.0,   226.0,   219.0,   219.0,   225.0,   212.0,   232.0,   218.0,   199.0,   184.0,   166.0,   172.0,   172.0,   158.0,   143.0,   129.0,   115.0,   108.0,    85.0,    71.0,    67.0,    68.0,    66.0,    45.0,   237.0,   128.5,  6167.0
100203,knd@@@@@@@@,kWH   ,    88.0,    89.0,    87.0,    87.0,    89.0,    90.0,    88.0,    90.0,    90.0,    90.0,    91.0,    91.0,    88.0,    89.0,    91.0,    94.0,    96.0,   103.0,   111.0,   124.0,   131.0,   132.0,   137.0,   146.0,   139.0,   138.0,   143.0,   145.0,   143.0,   149.0,   142.0,   150.0,   145.0,   139.0,   135.0,   131.0,   133.0,   129.0,   122.0,   125.0,   117.0,   113.0,   110.0,    98.0,    93.0,    96.0,    94.0,    92.0,    87.0,   150.0,   113.2,  5433.0
100205,6d @@@@@@@@,kWH   ,     4.0,     6.0,     4.0,     5.0,     5.0,     5.0,     5.0,     6.0,     6.0,     5.0,     5.0,     5.0,     5.0,     5.0,     5.0,     4.0,     5.0,     5.0,     8.0,     7.0,     8.0,     8.0,    11.0,    12.0,    11.0,     9.0,    12.0,    10.0,    10.0,    12.0,    12.0,    12.0,    12.0,    11.0,    11.0,    10.0,    11.0,    12.0,     9.0,    10.0,     9.0,     9.0,     9.0,     7.0,     7.0,     7.0,     6.0,     7.0,     4.0,    12.0,     7.9,   379.0
100206,16d@@@@@@@@,kWH   ,    27.0,    27.0,    28.0,    27.0,    27.0,    26.0,    27.0,    27.0,    26.0,    28.0,    27.0,    27.0,    27.0,    26.0,    27.0,    27.0,    31.0,    35.0,    42.0,    40.0,    42.0,    44.0,    47.0,    46.0,    45.0,    45.0,    48.0,    46.0,    48.0,    48.0,    49.0,    51.0,    50.0,    50.0,    53.0,    51.0,    49.0,    48.0,    46.0,    41.0,    40.0,    37.0,    38.0,    36.0,    35.0,    31.0,    30.0,    30.0,    26.0,    53.0,    37.6,  1803.0
100208,2d @@@@@@@@@@,kWH   ,    13.0,    14.0,    14.0,    13.0,    13.0,    14.0,    18.0,    27.0,    16.0,    14.0,    13.0,    15.0,    16.0,    19.0,    31.0,    30.0,    28.0,    34.0,    42.0,    51.0,    46.0,    39.0,    47.0,    47.0,    50.0,    61.0,    56.0,    47.0,    47.0,    56.0,    61.0,    42.0,    42.0,    40.0,    43.0,    51.0,    42.0,    33.0,    32.0,    28.0,    27.0,    29.0,    35.0,    19.0,    17.0,    18.0,    18.0,    17.0,    13.0,    61.0,    31.8,  1525.0
100209,1d @@@@@@@@@@,kWH   ,     2.0,     2.0,     2.0,     2.0,     3.0,     2.0,     2.0,     2.0,     3.0,     2.0,     2.0,     3.0,     3.0,     3.0,     4.0,     5.0,    10.0,    15.0,    16.0,    16.0,    18.0,    17.0,    19.0,    20.0,    19.0,    17.0,    20.0,    20.0,    18.0,    18.0,    17.0,    18.0,    17.0,    16.0,    16.0,    16.0,    17.0,    16.0,    14.0,    12.0,    10.0,     8.0,     6.0,     6.0,     3.0,     4.0,     2.0,     3.0,     2.0,    20.0,    10.1,   486.0
100210,5d @@@@@@@@@@,kWH   ,    20.0,    17.0,    16.0,    19.0,    21.0,    16.0,    16.0,    20.0,    20.0,    17.0,    16.0,    21.0,    19.0,    17.0,    20.0,    25.0,    21.0,    31.0,    38.0,    37.0,    45.0,    47.0,    47.0,    51.0,    49.0,    51.0,    48.0,    50.0,    49.0,    52.0,    49.0,    45.0,    45.0,    48.0,    36.0,    31.0,    30.0,    32.0,    31.0,    29.0,    24.0,    24.0,    27.0,    21.0,    19.0,    17.0,    20.0,    16.0,    16.0,    52.0,    30.4,  1460.0
100211,378d @@@@@@@@,kWH   ,    35.0,    35.0,    34.0,    36.0,    35.0,    36.0,    35.0,    36.0,    36.0,    35.0,    36.0,    35.0,    35.0,    38.0,    37.0,    35.0,    35.0,    38.0,    47.0,    55.0,    61.0,    74.0,    74.0,    82.0,    82.0,    79.0,    69.0,    73.0,    78.0,    80.0,    83.0,    82.0,    78.0,    73.0,    75.0,    74.0,    75.0,    73.0,    71.0,    65.0,    63.0,    48.0,    42.0,    41.0,    39.0,    38.0,    40.0,    37.0,    34.0,    83.0,    54.0,  2593.0
100212,1920d @@@@@@@@,kWH   ,    15.0,    17.0,    17.0,    16.0,    18.0,    16.0,    16.0,    17.0,    16.0,    18.0,    18.0,    19.0,    22.0,    19.0,    19.0,    22.0,    28.0,    34.0,    54.0,    53.0,    52.0,    57.0,    61.0,    70.0,    73.0,    71.0,    68.0,    68.0,    69.0,    63.0,    59.0,    57.0,    55.0,    55.0,    51.0,    42.0,    41.0,    40.0,    32.0,    34.0,    32.0,    25.0,    21.0,    21.0,    23.0,    21.0,    19.0,    20.0,    15.0,    73.0,    36.5,  1754.0
100213,10d@@@@@@@@@@,kWH   ,     3.0,     5.0,     3.0,     4.0,     4.0,     4.0,     4.0,     4.0,     4.0,     4.0,     4.0,     4.0,     4.0,     4.0,     4.0,     6.0,    12.0,    16.0,    30.0,    39.0,    37.0,    37.0,    43.0,    37.0,    37.0,    37.0,    29.0,    36.0,    32.0,    34.0,    34.0,    34.0,    35.0,    31.0,    26.0,    22.0,    21.0,    17.0,    16.0,    14.0,    14.0,    10.0,     9.0,     5.0,     5.0,     5.0,     4.0,     5.0,     3.0,    43.0,    17.2,   828.0
100214,番菔呓踢谆蕙15d@@@@,kWH   ,     7.0,     7.0,     7.0,     8.0,     7.0,     7.0,     7.0,     8.0,     6.0,     7.0,     7.0,     8.0,     8.0,     9.0,    12.0,    12.0,    22.0,    35.0,    39.0,    42.0,    40.0,    42.0,    46.0,    44.0,    46.0,    45.0,    49.0,    47.0,    43.0,    43.0,    42.0,    50.0,    45.0,    45.0,    44.0,    39.0,    32.0,    29.0,    23.0,    19.0,    17.0,    12.0,    10.0,     8.0,     8.0,     7.0,     8.0,     8.0,     6.0,    50.0,    24.1,  1156.0
100215,33d@@@@@@@@@@,kWH   ,    25.0,    26.0,    26.0,    25.0,    26.0,    26.0,    25.0,    26.0,    26.0,    26.0,    26.0,    26.0,    26.0,    26.0,    27.0,    28.0,    28.0,    30.0,    32.0,    37.0,    36.0,    36.0,    36.0,    38.0,    37.0,    36.0,    36.0,    34.0,    34.0,    35.0,    33.0,    36.0,    34.0,    33.0,    35.0,    35.0,    35.0,    36.0,    34.0,    34.0,    33.0,    31.0,    30.0,    28.0,    25.0,    26.0,    25.0,    25.0,    25.0,    38.0,    30.6,  1469.0
100216,1711d @@@@@@@@,kWH   ,    19.0,    19.0,    19.0,    18.0,    19.0,    19.0,    19.0,    19.0,    19.0,    19.0,    19.0,    19.0,    19.0,    17.0,    17.0,    20.0,    20.0,    20.0,    20.0,    23.0,    23.0,    23.0,    24.0,    26.0,    24.0,    24.0,    25.0,    23.0,    23.0,    26.0,    25.0,    27.0,    27.0,    26.0,    26.0,    27.0,    26.0,    27.0,    27.0,    28.0,    26.0,    25.0,    25.0,    21.0,    19.0,    21.0,    21.0,    19.0,    17.0,    28.0,    22.2,  1067.0
100217,3031d @@@@@@@@,kWH   ,    29.0,    32.0,    29.0,    30.0,    31.0,    30.0,    30.0,    30.0,    32.0,    30.0,    31.0,    31.0,    30.0,    31.0,    32.0,    34.0,    36.0,    39.0,    44.0,    49.0,    54.0,    54.0,    60.0,    61.0,    57.0,    59.0,    64.0,    68.0,    66.0,    68.0,    65.0,    66.0,    65.0,    61.0,    56.0,    52.0,    52.0,    49.0,    43.0,    43.0,    42.0,    39.0,    37.0,    33.0,    34.0,    33.0,    32.0,    32.0,    29.0,    68.0,    43.9,  2105.0
100218,32d@@@@@@@@@@,kWH   ,    13.0,    14.0,    13.0,    13.0,    13.0,    14.0,    14.0,    15.0,    13.0,    15.0,    14.0,    15.0,    13.0,    14.0,    14.0,    12.0,    13.0,    14.0,    14.0,    16.0,    18.0,    17.0,    18.0,    20.0,    19.0,    20.0,    19.0,    18.0,    18.0,    20.0,    18.0,    19.0,    19.0,    17.0,    18.0,    17.0,    17.0,    17.0,    18.0,    17.0,    18.0,    18.0,    18.0,    17.0,    14.0,    16.0,    16.0,    16.0,    12.0,    20.0,    16.1,   773.0
100219,w段百d @@@@@@@,kWH   ,     5.0,     6.0,     6.0,     6.0,     5.0,     6.0,     6.0,     7.0,     5.0,     6.0,     5.0,     7.0,     6.0,     6.0,     7.0,     7.0,     8.0,    11.0,    13.0,    15.0,    15.0,    15.0,    15.0,    14.0,    14.0,    15.0,    14.0,    12.0,    11.0,    11.0,     9.0,     9.0,     7.0,     7.0,     6.0,     6.0,     5.0,     6.0,     6.0,     6.0,     6.0,     6.0,     6.0,     6.0,     5.0,     6.0,     6.0,     5.0,     5.0,    15.0,     8.2,   392.0
100220,}d@@@@@@@@@@,kWH   ,     3.0,     4.0,     3.0,     4.0,     3.0,     4.0,     4.0,     3.0,     4.0,     3.0,     4.0,     4.0,     3.0,     4.0,     3.0,     3.0,     4.0,    11.0,    29.0,    33.0,    31.0,    31.0,    32.0,    36.0,    34.0,    37.0,    39.0,    36.0,    34.0,    34.0,    35.0,    42.0,    40.0,    31.0,    31.0,    31.0,    29.0,    31.0,    30.0,    30.0,    33.0,    25.0,    16.0,     5.0,     3.0,     2.0,     2.0,     2.0,     2.0,    42.0,    18.6,   895.0
100221,}Vd@@@@@@@@,kWH   ,     2.0,     4.0,     3.0,     3.0,     3.0,     3.0,     3.0,     3.0,     4.0,     3.0,     3.0,     5.0,     4.0,     4.0,     3.0,     3.0,     3.0,     6.0,    12.0,    11.0,    11.0,    13.0,    12.0,    13.0,    11.0,    13.0,    14.0,    13.0,    12.0,    12.0,    11.0,    12.0,    12.0,    11.0,    12.0,    12.0,    12.0,    11.0,    11.0,    10.0,    11.0,    10.0,     8.0,     4.0,     4.0,     3.0,     3.0,     4.0,     2.0,    14.0,     7.7,   370.0
100222,21d@@@@@@@@@@,kWH   ,     6.0,     6.0,     6.0,     6.0,     6.0,     6.0,     6.0,     6.0,     6.0,     6.0,     6.0,     6.0,     6.0,     6.0,     7.0,     6.0,     9.0,    15.0,    19.0,    23.0,    27.0,    28.0,    34.0,    33.0,    35.0,    30.0,    32.0,    32.0,    31.0,    32.0,    26.0,    24.0,    23.0,    22.0,    21.0,    19.0,    19.0,    20.0,    19.0,    18.0,    16.0,    11.0,    10.0,    10.0,     8.0,     8.0,     8.0,     7.0,     6.0,    35.0,    16.0,   766.0
100223,22()d@@@@@@@@,kWH   ,     1.0,     1.0,     2.0,     1.0,     1.0,     2.0,     1.0,     2.0,     1.0,     1.0,     2.0,     1.0,     1.0,     2.0,     1.0,     2.0,     1.0,     5.0,    14.0,    19.0,    19.0,    18.0,    20.0,    20.0,    19.0,    18.0,    17.0,    15.0,    18.0,    18.0,    18.0,    20.0,    18.0,    16.0,    12.0,     8.0,     6.0,     4.0,     3.0,     1.0,     2.0,     2.0,     1.0,     2.0,     1.0,     2.0,     1.0,     1.0,     1.0,    20.0,     7.5,   361.0
100224,24(窬堇)d@@@,kWH   ,    13.0,    15.0,    14.0,    14.0,    14.0,    15.0,    14.0,    14.0,    14.0,    15.0,    14.0,    14.0,    15.0,    14.0,    15.0,    14.0,    16.0,    15.0,    16.0,    17.0,    18.0,    18.0,    18.0,    18.0,    18.0,    17.0,    17.0,    19.0,    16.0,    19.0,    21.0,    19.0,    21.0,    21.0,    19.0,    18.0,    16.0,    17.0,    16.0,    14.0,    14.0,    14.0,    14.0,    15.0,    14.0,    14.0,    14.0,    14.0,    13.0,    21.0,    15.9,   765.0
100225,23(鼗傲据腊)d@@@@@,kWH   ,     5.0,     5.0,     4.0,     4.0,     5.0,     5.0,     5.0,     5.0,     6.0,     6.0,     5.0,     6.0,     7.0,     6.0,     6.0,     4.0,     5.0,     6.0,    10.0,    10.0,     6.0,     9.0,     8.0,     8.0,     7.0,     5.0,     9.0,     7.0,     9.0,    10.0,     8.0,    11.0,     8.0,    10.0,     6.0,     7.0,     5.0,     7.0,     6.0,     6.0,     6.0,     6.0,     6.0,     6.0,     4.0,     4.0,     4.0,     5.0,     4.0,    11.0,     6.4,   308.0
100226,矣乇傥百d@@@@@@@@@,kWH   ,     1.0,     2.0,     2.0,     2.0,     2.0,     3.0,     1.0,     2.0,     2.0,     3.0,     2.0,     1.0,     2.0,     1.0,     3.0,     3.0,     3.0,     2.0,     2.0,     2.0,     3.0,     3.0,     2.0,     3.0,     3.0,     2.0,     2.0,     2.0,     2.0,     4.0,     2.0,     2.0,     3.0,     3.0,     3.0,     2.0,     3.0,     5.0,     5.0,     5.0,     5.0,     5.0,     4.0,     4.0,     2.0,     2.0,     2.0,     2.0,     1.0,     5.0,     2.6,   126.0
100227,绁痪堇d @@@@@@,kWH   ,    14.0,    15.0,    15.0,    15.0,    15.0,    15.0,    15.0,    15.0,    14.0,    15.0,     4.0,     0.0,     0.0,     0.0,     0.0,     0.0,     0.0,     0.0,     0.0,     0.0,     0.0,     0.0,     0.0,     0.0,     0.0,     0.0,     0.0,     0.0,     0.0,     0.0,     0.0,     2.0,     2.0,     2.0,     4.0,     9.0,    22.0,    23.0,    22.0,    14.0,     7.0,     7.0,    16.0,    16.0,    16.0,    15.0,    15.0,    16.0,     0.0,    23.0,     7.5,   360.0
100228,5Od @@@@@@@@,kWH   ,    17.0,    19.0,    17.0,    18.0,    18.0,    18.0,    17.0,    18.0,    19.0,    18.0,    17.0,    18.0,    17.0,    18.0,    17.0,    18.0,    17.0,    17.0,    19.0,    19.0,    18.0,    17.0,    19.0,    19.0,    17.0,    18.0,    19.0,    19.0,    17.0,    19.0,    18.0,    18.0,    19.0,    19.0,    16.0,    18.0,    18.0,    18.0,    17.0,    18.0,    17.0,    17.0,    20.0,    17.0,    17.0,    19.0,    18.0,    18.0,    16.0,    20.0,    17.9,   860.0
100229,}()d@@@@@@@,kWH   ,     1.0,     1.0,     2.0,     1.0,     1.0,     1.0,     2.0,     1.0,     2.0,     2.0,     1.0,     1.0,     1.0,     2.0,     2.0,     1.0,     2.0,     1.0,    19.0,     9.0,     9.0,     7.0,     8.0,     7.0,     8.0,    15.0,    11.0,     8.0,     8.0,     7.0,     8.0,    12.0,     7.0,     3.0,     3.0,     3.0,     3.0,     4.0,     2.0,     3.0,     2.0,     4.0,     2.0,     2.0,     2.0,     1.0,     1.0,     2.0,     1.0,    19.0,     4.3,   205.0
100230,22()d@@@@@@@@,kWH   ,     0.0,     1.0,     1.0,     1.0,     0.0,     1.0,     1.0,     1.0,     0.0,     1.0,     1.0,     0.0,     1.0,     1.0,     1.0,     2.0,     1.0,     2.0,     1.0,     2.0,     2.0,     3.0,     4.0,     5.0,     4.0,     4.0,     5.0,     6.0,     6.0,     7.0,     6.0,     5.0,     5.0,     5.0,     3.0,     2.0,     1.0,     3.0,     1.0,     2.0,     1.0,     1.0,     2.0,     2.0,     1.0,     1.0,     2.0,     0.0,     0.0,     7.0,     2.2,   108.0
100231,25d@@@@@@@@,kWH   ,    10.0,    10.0,    10.0,    10.0,    11.0,    10.0,    11.0,    10.0,    10.0,    11.0,    10.0,    11.0,    11.0,    13.0,    18.0,    21.0,    25.0,    29.0,    41.0,    55.0,    57.0,    68.0,    70.0,    72.0,    73.0,    67.0,    71.0,    72.0,    67.0,    70.0,    72.0,    76.0,    80.0,    78.0,    61.0,    47.0,    38.0,    34.0,    29.0,    30.0,    25.0,    22.0,    20.0,    20.0,    14.0,    13.0,    14.0,    14.0,    10.0,    80.0,    35.6,  1711.0
100232,皋壮菽d @@@@@@@,kWH   ,    20.0,    19.0,    16.0,    16.0,    20.0,    20.0,    19.0,    17.0,    17.0,    19.0,    16.0,    15.0,    17.0,    18.0,    16.0,    21.0,    21.0,    19.0,    30.0,    32.0,    33.0,    34.0,    37.0,    36.0,    38.0,    36.0,    42.0,    43.0,    42.0,    41.0,    41.0,    45.0,    48.0,    51.0,    66.0,    75.0,   114.0,   139.0,   133.0,   136.0,   137.0,   101.0,    53.0,    41.0,    30.0,    28.0,    28.0,    27.0,    15.0,   139.0,    43.0,  2063.0
100233,70d@@@@@@@@,kWH   ,     5.0,     5.0,     5.0,     6.0,     5.0,     5.0,     6.0,     5.0,     5.0,     6.0,     5.0,     5.0,     6.0,     5.0,     7.0,     9.0,    21.0,    22.0,    31.0,    30.0,    27.0,    30.0,    43.0,    39.0,    34.0,    40.0,    33.0,    38.0,    36.0,    38.0,    39.0,    37.0,    34.0,    35.0,    30.0,    26.0,    29.0,    24.0,    18.0,    18.0,    17.0,    14.0,     8.0,     7.0,     7.0,     6.0,     7.0,     6.0,     5.0,    43.0,    19.0,   914.0
100234,50d@@@@@@@@,kWH   ,    75.0,    81.0,    76.0,    81.0,    77.0,    77.0,    80.0,    79.0,    84.0,    78.0,    83.0,    88.0,    84.0,    91.0,    90.0,    93.0,    99.0,   143.0,   164.0,   197.0,   176.0,   187.0,   210.0,   198.0,   192.0,   189.0,   180.0,   193.0,   181.0,   165.0,   164.0,   152.0,   160.0,   155.0,   144.0,   131.0,   132.0,   125.0,   119.0,   108.0,   105.0,    98.0,    97.0,    91.0,    89.0,    89.0,    84.0,    85.0,    75.0,   210.0,   123.3,  5919.0
100235,5051d @@@@@@@@,kWH   ,    41.0,    43.0,    43.0,    44.0,    43.0,    40.0,    43.0,    44.0,    46.0,    44.0,    44.0,    52.0,    48.0,    51.0,    53.0,    52.0,    62.0,    96.0,   114.0,   140.0,   115.0,   129.0,   141.0,   136.0,   129.0,   132.0,   126.0,   129.0,   121.0,   107.0,   102.0,    94.0,    97.0,    94.0,    89.0,    82.0,    85.0,    76.0,    71.0,    64.0,    62.0,    59.0,    56.0,    53.0,    51.0,    50.0,    48.0,    47.0,    40.0,   141.0,    76.8,  3688.0
100236,53(n)d@@@@@@@,kWH   ,    21.0,    24.0,    21.0,    25.0,    22.0,    23.0,    25.0,    23.0,    24.0,    23.0,    25.0,    24.0,    24.0,    24.0,    24.0,    27.0,    20.0,    25.0,    23.0,    24.0,    24.0,    21.0,    27.0,    22.0,    25.0,    25.0,    23.0,    26.0,    25.0,    23.0,    25.0,    22.0,    25.0,    24.0,    23.0,    25.0,    24.0,    28.0,    27.0,    25.0,    24.0,    23.0,    25.0,    24.0,    23.0,    24.0,    23.0,    25.0,    20.0,    28.0,    24.0,  1151.0
100237,52d@@@@@@@@@@,kWH   ,     2.0,     1.0,     2.0,     2.0,     2.0,     2.0,     1.0,     2.0,     2.0,     2.0,     2.0,     2.0,     1.0,     3.0,     3.0,     3.0,     3.0,     3.0,     5.0,     3.0,     4.0,     3.0,     6.0,     5.0,     6.0,     5.0,     6.0,     6.0,     6.0,     6.0,     6.0,     7.0,     6.0,     7.0,     6.0,     5.0,     7.0,     6.0,     6.0,     4.0,     6.0,     4.0,     4.0,     3.0,     4.0,     3.0,     3.0,     4.0,     1.0,     7.0,     4.0,   190.0
100238,疼菝ūd@@@@@@@,kWH   ,        ,        ,        ,        ,        ,        ,        ,        ,        ,        ,        ,        ,        ,        ,        ,        ,        ,        ,        ,        ,        ,        ,        ,        ,        ,        ,        ,        ,        ,        ,        ,        ,        ,        ,        ,        ,        ,        ,        ,        ,        ,        ,        ,        ,        ,        ,        ,        ,        ,        ,        ,        
100239,dd@@@@@@@,kWH   ,     0.0,     0.0,     1.0,     1.0,     0.0,     0.0,     1.0,     1.0,     0.0,     1.0,     0.0,     1.0,     0.0,     1.0,     0.0,     1.0,     0.0,     1.0,     0.0,     1.0,     1.0,     1.0,     0.0,     1.0,     1.0,     1.0,     1.0,     1.0,     1.0,     0.0,     1.0,     1.0,     1.0,     2.0,     1.0,     1.0,     1.0,     2.0,     1.0,     1.0,     1.0,     0.0,     1.0,     0.0,     1.0,     0.0,     1.0,     0.0,     0.0,     2.0,     0.7,    34.0
100240,d@@@@@@@@@@,kWH   ,     0.0,     0.0,     0.0,     0.0,     0.0,     0.0,     0.0,     0.0,     0.0,     0.0,     0.0,     0.0,     1.0,     0.0,     0.0,     0.0,     1.0,     0.0,     2.0,     5.0,     5.0,     6.0,     6.0,     6.0,     6.0,     7.0,     9.0,    10.0,    13.0,    12.0,    14.0,    12.0,    12.0,    12.0,    16.0,    14.0,    16.0,    16.0,    15.0,    15.0,    15.0,    14.0,    11.0,     6.0,     2.0,     3.0,     0.0,     1.0,     0.0,    16.0,     5.9,   283.0
100241,皋壮菽d @@@@@@@@@,kWH   ,     0.0,     0.0,     0.0,     0.0,     0.0,     0.0,     0.0,     0.0,     0.0,     0.0,     0.0,     0.0,     0.0,     0.0,     0.0,     0.0,     0.0,     0.0,     0.0,     0.0,     0.0,     0.0,     0.0,     0.0,     0.0,     0.0,     0.0,     0.0,     0.0,     0.0,     0.0,     0.0,     0.0,     0.0,     0.0,     0.0,    13.0,    17.0,    18.0,    18.0,    17.0,    16.0,     3.0,     0.0,     0.0,     0.0,     0.0,     0.0,     0.0,    18.0,     2.1,   102.0
100242,29(缸剔セ案偬咦晦)d@@,kWH   ,     1.0,     2.0,     2.0,     2.0,     2.0,     2.0,     2.0,     2.0,     2.0,     2.0,     1.0,     2.0,     2.0,     2.0,     1.0,     2.0,     2.0,     2.0,     3.0,     4.0,     5.0,     4.0,     5.0,     6.0,     6.0,     7.0,     8.0,     9.0,     9.0,     9.0,     8.0,     8.0,     8.0,     8.0,     7.0,     6.0,     7.0,     8.0,     7.0,     7.0,     7.0,     6.0,     5.0,     4.0,     2.0,     2.0,     2.0,     2.0,     1.0,     9.0,     4.4,   212.0
100243,闷胶澳d@@@@@@@@@@,kWH   ,     0.0,     0.0,     0.0,     0.0,     0.0,     0.0,     0.0,     0.0,     0.0,     0.0,     0.0,     0.0,     0.0,     0.0,     0.0,     0.0,     0.0,     0.0,     0.0,     0.0,     0.0,     0.0,     0.0,     0.0,     0.0,     0.0,     0.0,     0.0,     1.0,     0.0,     0.0,     0.0,     1.0,     0.0,     0.0,     3.0,     2.0,     2.0,     2.0,     2.0,     2.0,     1.0,     0.0,     0.0,     0.0,     0.0,     0.0,     0.0,     0.0,     3.0,     0.3,    16.0
100244,53()d@@@@@@@,kWH   ,     3.0,     3.0,     4.0,     3.0,     4.0,     3.0,     3.0,     4.0,     3.0,     3.0,     4.0,     3.0,     3.0,     4.0,     3.0,     4.0,     7.0,     8.0,     9.0,    11.0,    10.0,     9.0,    11.0,    11.0,    11.0,     9.0,     9.0,     9.0,     9.0,     9.0,     9.0,     8.0,     9.0,     8.0,     8.0,     8.0,     5.0,     4.0,     4.0,     5.0,     3.0,     3.0,     3.0,     4.0,     3.0,     3.0,     3.0,     3.0,     3.0,    11.0,     5.8,   279.0
100245,`d@@@@@@@,kWH   ,     0.0,     0.0,     0.0,     0.0,     0.0,     0.0,     0.0,     0.0,     0.0,     0.0,     0.0,     0.0,     0.0,     0.0,     0.0,     0.0,     0.0,     0.0,     0.0,     0.0,     1.0,     2.0,     3.0,     2.0,     2.0,     2.0,     2.0,     3.0,     3.0,     2.0,     2.0,     2.0,     2.0,     2.0,     1.0,     2.0,     1.0,     0.0,     0.0,     0.0,     0.0,     0.0,     0.0,     0.0,     0.0,     0.0,     0.0,     0.0,     0.0,     3.0,     0.7,    34.0
100246,72d@@@@@@@@@@,kWH   ,     0.0,     0.0,     1.0,     0.0,     1.0,     0.0,     1.0,     0.0,     1.0,     0.0,     1.0,     0.0,     0.0,     1.0,     2.0,     3.0,     2.0,     3.0,     5.0,     5.0,     5.0,     4.0,     9.0,    10.0,     9.0,    11.0,    10.0,    13.0,    11.0,    11.0,    11.0,    12.0,    10.0,     9.0,     7.0,     6.0,     5.0,     5.0,     3.0,     3.0,     2.0,     1.0,     1.0,     1.0,     0.0,     0.0,     1.0,     1.0,     0.0,    13.0,     4.1,   197.0
100247,()d@@@@@@@,kWH   ,     0.0,     0.0,     0.0,     0.0,     0.0,     0.0,     0.0,     0.0,     0.0,     0.0,     0.0,     0.0,     0.0,     0.0,     0.0,     0.0,     0.0,     0.0,     0.0,     0.0,     0.0,     0.0,     0.0,     1.0,     1.0,     1.0,     1.0,     0.0,     0.0,     0.0,     0.0,     0.0,     0.0,     0.0,     0.0,     0.0,     0.0,     0.0,     0.0,     0.0,     0.0,     0.0,     0.0,     0.0,     0.0,     0.0,     0.0,     0.0,     0.0,     1.0,     0.1,     4.0
100248,55d@@@@@@@@@@,kWH   ,     8.0,     9.0,     8.0,     9.0,     9.0,     8.0,     9.0,     8.0,     9.0,     9.0,     8.0,     9.0,     9.0,     9.0,     8.0,     9.0,     7.0,     9.0,    12.0,    19.0,    22.0,    24.0,    25.0,    23.0,    20.0,    18.0,    17.0,    22.0,    20.0,    19.0,    20.0,    21.0,    23.0,    21.0,    17.0,    12.0,    12.0,    11.0,    10.0,    10.0,    10.0,     9.0,     9.0,     9.0,     9.0,     8.0,     8.0,     8.0,     7.0,    25.0,    13.0,   622.0
100249,7071d @@@@@@@@,kWH   ,     6.0,     6.0,     6.0,     6.0,     6.0,     6.0,     6.0,     6.0,     6.0,     6.0,     6.0,     6.0,     7.0,     6.0,     6.0,     7.0,    20.0,    21.0,    28.0,    26.0,    24.0,    27.0,    35.0,    30.0,    26.0,    30.0,    24.0,    25.0,    28.0,    27.0,    29.0,    25.0,    26.0,    27.0,    24.0,    22.0,    24.0,    20.0,    17.0,    17.0,    16.0,    13.0,     9.0,     9.0,     7.0,     7.0,     7.0,     7.0,     6.0,    35.0,    16.1,   775.0
100250,d@@@@@@@@,kWH   ,     1.0,     1.0,     2.0,     2.0,     3.0,     4.0,     3.0,     3.0,     2.0,     1.0,     1.0,     2.0,     1.0,     2.0,     1.0,     2.0,     3.0,     3.0,     3.0,     2.0,     2.0,     2.0,     2.0,     2.0,     2.0,     4.0,     4.0,     3.0,     3.0,     2.0,     2.0,     3.0,     3.0,     7.0,    20.0,    18.0,    18.0,    18.0,    15.0,    20.0,    22.0,    18.0,     9.0,     6.0,     3.0,     4.0,     3.0,     4.0,     1.0,    22.0,     5.4,   261.0
100251,25d@@@@@@@@@@,kWH   ,    10.0,    10.0,    11.0,    10.0,    11.0,    11.0,    10.0,    11.0,    11.0,    10.0,    11.0,    11.0,    11.0,    14.0,    18.0,    21.0,    26.0,    29.0,    41.0,    55.0,    55.0,    66.0,    67.0,    70.0,    71.0,    65.0,    69.0,    69.0,    65.0,    67.0,    70.0,    75.0,    77.0,    76.0,    60.0,    45.0,    37.0,    34.0,    29.0,    30.0,    25.0,    22.0,    20.0,    20.0,    14.0,    14.0,    13.0,    15.0,    10.0,    77.0,    35.0,  1682.0
100252,14d@@@@@@@@,kWH   ,    10.0,    12.0,    11.0,    11.0,    11.0,    12.0,    10.0,    11.0,    12.0,    11.0,    11.0,    12.0,    10.0,    11.0,     9.0,     9.0,     9.0,    10.0,    15.0,    20.0,    22.0,    24.0,    29.0,    34.0,    26.0,    24.0,    24.0,    25.0,    27.0,    27.0,    28.0,    31.0,    31.0,    29.0,    26.0,    23.0,    22.0,    22.0,    21.0,    20.0,    19.0,    19.0,    18.0,    17.0,    16.0,    15.0,    15.0,    14.0,     9.0,    34.0,    18.2,   875.0
100253,d@@@@@@@@@@,kWH   ,    19.0,    18.0,    14.0,    14.0,    16.0,    17.0,    16.0,    14.0,    16.0,    17.0,    15.0,    14.0,    15.0,    17.0,    15.0,    19.0,    18.0,    15.0,    23.0,    23.0,    23.0,    21.0,    24.0,    22.0,    22.0,    19.0,    20.0,    21.0,    18.0,    18.0,    19.0,    22.0,    25.0,    25.0,    23.0,    35.0,    58.0,    76.0,    74.0,    74.0,    77.0,    45.0,    26.0,    26.0,    23.0,    21.0,    23.0,    22.0,    14.0,    77.0,    25.8,  1237.0
100254,ssd@@@@@@@@,kWH   ,     3.0,     4.0,     4.0,     3.0,     4.0,     4.0,     5.0,     4.0,     3.0,     4.0,     4.0,     4.0,     4.0,     4.0,     4.0,     3.0,     5.0,    11.0,    19.0,    22.0,    15.0,    19.0,    24.0,    25.0,    24.0,    21.0,    23.0,    23.0,    23.0,    24.0,    25.0,    25.0,    24.0,    25.0,    25.0,    24.0,    20.0,    19.0,    17.0,    15.0,    15.0,    14.0,    13.0,     8.0,     5.0,     4.0,     4.0,     3.0,     3.0,    25.0,    13.0,   624.0
100160,OCx@@@@@@@@@@@@,    ,     6.2,     5.5,     5.9,     5.9,     5.0,     5.2,     5.0,     4.5,     4.5,     4.0,     4.0,     4.0,     4.4,     5.0,     6.0,     7.0,     8.0,     9.5,    10.5,    11.1,    11.6,    12.3,    12.4,    12.5,    13.5,    14.6,    14.9,    14.9,    15.0,    14.5,    14.5,    14.1,    14.0,    13.8,    13.5,    13.1,    12.0,    11.4,    11.0,    10.5,    10.5,    10.4,    10.5,    10.8,    10.3,    10.1,    10.0,     9.9,     4.0,    15.0,     9.7,        
100161,OCx@@@@@@@@@@@@,%     ,    62.0,    61.0,    58.0,    59.0,    64.0,    62.0,    62.0,    65.0,    67.0,    69.0,    72.0,    72.0,    72.0,    69.0,    67.0,    61.0,    56.0,    51.0,    43.0,    40.0,    42.0,    37.0,    41.0,    44.0,    38.0,    38.0,    39.0,    39.0,    40.0,    42.0,    42.0,    44.0,    47.0,    47.0,    50.0,    52.0,    58.0,    60.0,    64.0,    66.0,    64.0,    63.0,    61.0,    58.0,    62.0,    62.0,    62.0,    65.0,    37.0,    72.0,    55.4,        
