f}hf[^,2018N,04,07
@,@,P,0:30,1:00,1:30,2:00,2:30,3:00,3:30,4:00,4:30,5:00,5:30,6:00,6:30,7:00,7:30,8:00,8:30,9:00,9:30,10:00,10:30,11:00,11:30,12:00,12:30,13:00,13:30,14:00,14:30,15:00,15:30,16:00,16:30,17:00,17:30,18:00,18:30,19:00,19:30,20:00,20:30,21:00,21:30,22:00,22:30,23:00,23:30,0:00,l,l,l,vl
 90103,番菔呓dd@@@@@@@,kWH   ,     362,     370,     360,     355,     350,     348,     351,     348,     345,     353,     346,     345,     346,     333,     339,     329,     408,     465,     499,     519,     545,     535,     557,     537,     519,     523,     492,     468,     473,     453,     432,     456,     449,     439,     435,     415,     413,     422,     422,     418,     389,     374,     379,     382,     365,     365,     369,     367,     329,     557,     414,   19864
 90104,挤菔呓dd@@@@@@@,kWH   ,     147,     142,     144,     141,     141,     140,     143,     142,     145,     141,     142,     139,     141,     139,     150,     149,     168,     187,     211,     206,     214,     215,     221,     212,     204,     216,     212,     204,     204,     208,     203,     198,     198,     206,     204,     210,     227,     233,     240,     222,     207,     192,     179,     165,     145,     145,     143,     142,     139,     240,     180,    8627
100201,nd@@@@@@@@,kWH   ,   124.0,   128.0,   131.0,   119.0,   116.0,   117.0,   119.0,   116.0,   116.0,   121.0,   126.0,   133.0,   130.0,   127.0,   124.0,   126.0,   160.0,   168.0,   186.0,   191.0,   197.0,   206.0,   216.0,   202.0,   192.0,   199.0,   199.0,   194.0,   176.0,   170.0,   153.0,   157.0,   162.0,   151.0,   154.0,   150.0,   155.0,   154.0,   155.0,   159.0,   141.0,   130.0,   127.0,   131.0,   119.0,   122.0,   124.0,   126.0,   116.0,   216.0,   150.0,  7199.0
100202,nd@@@@@@@@,kWH   ,    66.0,    65.0,    65.0,    65.0,    64.0,    63.0,    64.0,    65.0,    65.0,    64.0,    54.0,    48.0,    49.0,    45.0,    46.0,    38.0,    62.0,   110.0,   133.0,   136.0,   153.0,   152.0,   157.0,   154.0,   143.0,   143.0,   115.0,    98.0,   109.0,   105.0,    86.0,   108.0,   104.0,   101.0,    97.0,    82.0,    72.0,    77.0,    78.0,    75.0,    72.0,    66.0,    75.0,    77.0,    71.0,    69.0,    69.0,    70.0,    38.0,   157.0,    86.4,  4145.0
100203,knd@@@@@@@@,kWH   ,    87.0,    89.0,    86.0,    88.0,    89.0,    84.0,    87.0,    84.0,    84.0,    85.0,    86.0,    85.0,    87.0,    84.0,    86.0,    88.0,    89.0,    90.0,    93.0,    91.0,    98.0,    96.0,    97.0,    97.0,    98.0,    97.0,    98.0,    97.0,    96.0,   100.0,    95.0,    99.0,    99.0,    98.0,    96.0,    93.0,    94.0,    93.0,    92.0,    94.0,    92.0,    92.0,    91.0,    88.0,    92.0,    88.0,    89.0,    89.0,    84.0,   100.0,    91.5,  4390.0
100205,6d @@@@@@@@,kWH   ,     5.0,     5.0,     6.0,     5.0,     5.0,     5.0,     6.0,     5.0,     5.0,     5.0,     6.0,     5.0,     5.0,     5.0,     5.0,     4.0,     4.0,     5.0,     6.0,     7.0,     7.0,     6.0,     6.0,     6.0,     5.0,     5.0,     4.0,     4.0,     4.0,     5.0,     5.0,     5.0,     5.0,     6.0,     6.0,     6.0,     7.0,     7.0,     7.0,     7.0,     6.0,     7.0,     7.0,     6.0,     6.0,     6.0,     6.0,     6.0,     4.0,     7.0,     5.6,   267.0
100206,16d@@@@@@@@,kWH   ,    30.0,    29.0,    30.0,    29.0,    30.0,    29.0,    29.0,    28.0,    28.0,    27.0,    28.0,    28.0,    29.0,    27.0,    28.0,    29.0,    29.0,    30.0,    35.0,    36.0,    37.0,    36.0,    37.0,    37.0,    35.0,    36.0,    36.0,    35.0,    36.0,    36.0,    36.0,    37.0,    36.0,    35.0,    34.0,    36.0,    36.0,    37.0,    36.0,    35.0,    33.0,    32.0,    30.0,    31.0,    30.0,    29.0,    31.0,    29.0,    27.0,    37.0,    32.3,  1552.0
100208,2d @@@@@@@@@@,kWH   ,    15.0,    21.0,    27.0,    15.0,    14.0,    14.0,    15.0,    15.0,    15.0,    15.0,    23.0,    24.0,    18.0,    16.0,    17.0,    20.0,    36.0,    25.0,    23.0,    25.0,    28.0,    37.0,    44.0,    25.0,    23.0,    26.0,    34.0,    37.0,    21.0,    19.0,    18.0,    24.0,    31.0,    17.0,    17.0,    16.0,    19.0,    18.0,    23.0,    30.0,    18.0,    16.0,    15.0,    15.0,    15.0,    16.0,    17.0,    26.0,    14.0,    44.0,    21.6,  1038.0
100209,1d @@@@@@@@@@,kWH   ,     2.0,     2.0,     2.0,     2.0,     2.0,     2.0,     2.0,     2.0,     2.0,     2.0,     2.0,     3.0,     2.0,     4.0,     2.0,     3.0,     4.0,     8.0,     9.0,    10.0,    10.0,     9.0,     9.0,    10.0,     9.0,     8.0,     9.0,     8.0,     7.0,     7.0,     7.0,     6.0,     5.0,     6.0,     6.0,     6.0,     5.0,     7.0,     7.0,     7.0,     7.0,     7.0,     7.0,     6.0,     5.0,     4.0,     3.0,     3.0,     2.0,    10.0,     5.4,   257.0
100210,5d @@@@@@@@@@,kWH   ,    17.0,    17.0,    16.0,    16.0,    16.0,    16.0,    16.0,    15.0,    17.0,    16.0,    16.0,    16.0,    16.0,    16.0,    18.0,    17.0,    17.0,    18.0,    18.0,    22.0,    21.0,    19.0,    21.0,    20.0,    20.0,    21.0,    24.0,    23.0,    21.0,    21.0,    21.0,    23.0,    20.0,    21.0,    21.0,    20.0,    20.0,    21.0,    20.0,    18.0,    17.0,    17.0,    16.0,    22.0,    18.0,    18.0,    19.0,    17.0,    15.0,    24.0,    18.7,   896.0
100211,378d @@@@@@@@,kWH   ,    41.0,    40.0,    37.0,    38.0,    38.0,    37.0,    37.0,    37.0,    37.0,    38.0,    37.0,    38.0,    38.0,    38.0,    38.0,    35.0,    36.0,    38.0,    43.0,    43.0,    48.0,    49.0,    47.0,    49.0,    45.0,    45.0,    36.0,    33.0,    38.0,    41.0,    36.0,    37.0,    39.0,    38.0,    39.0,    37.0,    37.0,    37.0,    36.0,    36.0,    37.0,    36.0,    35.0,    36.0,    35.0,    35.0,    35.0,    34.0,    33.0,    49.0,    38.5,  1850.0
100212,1920d @@@@@@@@,kWH   ,    17.0,    17.0,    17.0,    18.0,    17.0,    17.0,    17.0,    18.0,    15.0,    18.0,    19.0,    17.0,    21.0,    20.0,    17.0,    16.0,    17.0,    19.0,    28.0,    30.0,    28.0,    29.0,    34.0,    33.0,    32.0,    35.0,    33.0,    31.0,    33.0,    26.0,    23.0,    22.0,    20.0,    22.0,    29.0,    27.0,    27.0,    28.0,    26.0,    23.0,    23.0,    18.0,    17.0,    19.0,    16.0,    17.0,    18.0,    15.0,    15.0,    35.0,    22.5,  1079.0
100213,10d@@@@@@@@@@,kWH   ,     4.0,     4.0,     4.0,     5.0,     4.0,     4.0,     4.0,     4.0,     5.0,     4.0,     4.0,     5.0,     4.0,     4.0,     4.0,     5.0,     7.0,     8.0,    11.0,    10.0,     9.0,    10.0,    11.0,    10.0,     9.0,     9.0,     8.0,     9.0,     8.0,     9.0,     8.0,     8.0,     8.0,     9.0,     9.0,     8.0,     9.0,    11.0,     9.0,     8.0,     8.0,     7.0,     7.0,     6.0,     5.0,     6.0,     5.0,     5.0,     4.0,    11.0,     6.9,   332.0
100214,番菔呓踢谆蕙15d@@@@,kWH   ,     8.0,     7.0,     9.0,     8.0,     8.0,     8.0,     9.0,     7.0,     8.0,     9.0,     9.0,     9.0,    10.0,    11.0,    10.0,    10.0,    24.0,    33.0,    35.0,    32.0,    33.0,    32.0,    33.0,    35.0,    33.0,    34.0,    35.0,    33.0,    30.0,    26.0,    19.0,    18.0,    17.0,    18.0,    16.0,    15.0,    14.0,    15.0,    14.0,    15.0,    13.0,    10.0,     9.0,     9.0,     7.0,     7.0,     8.0,     8.0,     7.0,    35.0,    17.1,   820.0
100215,33d@@@@@@@@@@,kWH   ,    26.0,    26.0,    25.0,    25.0,    26.0,    25.0,    25.0,    25.0,    25.0,    25.0,    25.0,    26.0,    26.0,    25.0,    26.0,    27.0,    26.0,    27.0,    25.0,    27.0,    27.0,    26.0,    27.0,    28.0,    29.0,    28.0,    26.0,    29.0,    29.0,    28.0,    28.0,    28.0,    27.0,    28.0,    27.0,    27.0,    26.0,    27.0,    26.0,    27.0,    27.0,    26.0,    27.0,    25.0,    27.0,    26.0,    26.0,    26.0,    25.0,    29.0,    26.5,  1271.0
100216,1711d @@@@@@@@,kWH   ,    17.0,    18.0,    18.0,    17.0,    19.0,    17.0,    18.0,    18.0,    18.0,    18.0,    19.0,    17.0,    18.0,    17.0,    16.0,    17.0,    17.0,    17.0,    17.0,    17.0,    19.0,    16.0,    18.0,    16.0,    15.0,    18.0,    18.0,    16.0,    17.0,    20.0,    17.0,    19.0,    19.0,    21.0,    20.0,    19.0,    20.0,    19.0,    19.0,    20.0,    18.0,    19.0,    19.0,    19.0,    19.0,    18.0,    19.0,    19.0,    15.0,    21.0,    18.0,   866.0
100217,3031d @@@@@@@@,kWH   ,    30.0,    33.0,    31.0,    30.0,    33.0,    31.0,    31.0,    31.0,    30.0,    30.0,    31.0,    30.0,    31.0,    30.0,    32.0,    34.0,    35.0,    35.0,    39.0,    36.0,    39.0,    39.0,    39.0,    38.0,    39.0,    38.0,    37.0,    38.0,    37.0,    36.0,    38.0,    37.0,    38.0,    37.0,    35.0,    33.0,    34.0,    33.0,    33.0,    32.0,    33.0,    33.0,    30.0,    31.0,    30.0,    30.0,    30.0,    30.0,    30.0,    39.0,    33.8,  1620.0
100218,32d@@@@@@@@@@,kWH   ,    12.0,    12.0,    12.0,    13.0,    13.0,    10.0,    13.0,    11.0,    11.0,    11.0,    12.0,    11.0,    12.0,    11.0,    12.0,    10.0,    11.0,    12.0,    11.0,    11.0,    13.0,    14.0,    14.0,    14.0,    14.0,    13.0,    15.0,    14.0,    15.0,    14.0,    14.0,    13.0,    14.0,    13.0,    14.0,    14.0,    14.0,    14.0,    14.0,    15.0,    13.0,    14.0,    15.0,    14.0,    14.0,    14.0,    14.0,    14.0,    10.0,    15.0,    13.0,   622.0
100219,w段百d @@@@@@@,kWH   ,     5.0,     6.0,     6.0,     5.0,     6.0,     6.0,     5.0,     6.0,     6.0,     5.0,     7.0,     5.0,     6.0,     6.0,     7.0,     8.0,     8.0,     6.0,     8.0,     7.0,     6.0,     8.0,     8.0,     8.0,     9.0,     9.0,     9.0,     8.0,     9.0,     6.0,     6.0,     6.0,     6.0,     7.0,     5.0,     6.0,     6.0,     6.0,     6.0,     6.0,     6.0,     7.0,     5.0,     6.0,     6.0,     6.0,     5.0,     6.0,     5.0,     9.0,     6.5,   311.0
100220,}d@@@@@@@@@@,kWH   ,     3.0,     4.0,     4.0,     3.0,     4.0,     4.0,     3.0,     4.0,     3.0,     4.0,     4.0,     3.0,     4.0,     4.0,     3.0,     4.0,     9.0,    20.0,    22.0,    22.0,    23.0,    22.0,    23.0,    22.0,    22.0,    22.0,    22.0,    21.0,    23.0,    22.0,    23.0,    23.0,    23.0,    19.0,    13.0,     4.0,     4.0,     4.0,     4.0,     5.0,     4.0,     4.0,     4.0,     5.0,     3.0,     4.0,     4.0,     3.0,     3.0,    23.0,    10.5,   506.0
100221,}Vd@@@@@@@@,kWH   ,     3.0,     4.0,     3.0,     3.0,     3.0,     3.0,     3.0,     3.0,     3.0,     4.0,     2.0,     3.0,     3.0,     3.0,     4.0,     3.0,     6.0,    10.0,    15.0,    14.0,    15.0,    14.0,    15.0,    15.0,    16.0,    14.0,    15.0,    14.0,    15.0,    15.0,    14.0,    14.0,    14.0,    11.0,     6.0,     3.0,     3.0,     3.0,     4.0,     3.0,     3.0,     3.0,     4.0,     4.0,     3.0,     3.0,     3.0,     4.0,     2.0,    16.0,     7.2,   345.0
100222,21d@@@@@@@@@@,kWH   ,     6.0,     7.0,     6.0,     6.0,     7.0,     6.0,     7.0,     6.0,     7.0,     8.0,     7.0,     7.0,     6.0,     7.0,     8.0,     6.0,     8.0,    10.0,    11.0,    14.0,    19.0,    18.0,    18.0,    18.0,    16.0,    15.0,    13.0,    12.0,    13.0,     9.0,     7.0,     8.0,     8.0,     9.0,     9.0,    10.0,    10.0,    10.0,    10.0,     9.0,    10.0,     9.0,    10.0,     8.0,     8.0,     9.0,     8.0,     8.0,     6.0,    19.0,     9.6,   461.0
100223,22()d@@@@@@@@,kWH   ,     1.0,     1.0,     2.0,     1.0,     1.0,     2.0,     1.0,     2.0,     1.0,     2.0,     1.0,     2.0,     1.0,     1.0,     2.0,     2.0,     1.0,     3.0,     2.0,     1.0,     2.0,     1.0,     2.0,     1.0,     2.0,     1.0,     2.0,     2.0,     2.0,     2.0,     2.0,     2.0,     1.0,     2.0,     1.0,     1.0,     2.0,     1.0,     2.0,     1.0,     2.0,     1.0,     2.0,     1.0,     2.0,     1.0,     2.0,     1.0,     1.0,     3.0,     1.5,    74.0
100224,24(窬堇)d@@@,kWH   ,    15.0,    15.0,    16.0,    15.0,    15.0,    15.0,    15.0,    15.0,    14.0,    15.0,    15.0,    15.0,    16.0,    14.0,    15.0,    15.0,    15.0,    16.0,    16.0,    17.0,    18.0,    19.0,    19.0,    17.0,    17.0,    16.0,    16.0,    16.0,    16.0,    17.0,    15.0,    16.0,    15.0,    16.0,    15.0,    14.0,    16.0,    15.0,    16.0,    15.0,    14.0,    14.0,    15.0,    14.0,    14.0,    15.0,    14.0,    14.0,    14.0,    19.0,    15.5,   742.0
100225,23(鼗傲据腊)d@@@@@,kWH   ,     4.0,     4.0,     4.0,     5.0,     4.0,     5.0,     4.0,     5.0,     4.0,     4.0,     6.0,     4.0,     5.0,     4.0,     5.0,     5.0,     4.0,     5.0,     5.0,     5.0,     5.0,     6.0,     5.0,     5.0,     5.0,     5.0,     5.0,     5.0,     5.0,     6.0,     5.0,     6.0,     6.0,     6.0,     7.0,     6.0,     6.0,     7.0,     6.0,     7.0,     8.0,     7.0,     6.0,     8.0,     6.0,     5.0,     5.0,     5.0,     4.0,     8.0,     5.3,   255.0
100226,矣乇傥百d@@@@@@@@@,kWH   ,     1.0,     2.0,     2.0,     2.0,     2.0,     1.0,     2.0,     2.0,     2.0,     1.0,     2.0,     2.0,     2.0,     1.0,     2.0,     2.0,     2.0,     1.0,     2.0,     2.0,     2.0,     3.0,     3.0,     2.0,     2.0,     3.0,     2.0,     3.0,     2.0,     3.0,     2.0,     3.0,     2.0,     3.0,     2.0,     3.0,     3.0,     5.0,     5.0,     5.0,     5.0,     5.0,     4.0,     3.0,     3.0,     2.0,     2.0,     2.0,     1.0,     5.0,     2.5,   119.0
100227,绁痪堇d @@@@@@,kWH   ,    14.0,    15.0,    14.0,    15.0,    14.0,    14.0,    14.0,    15.0,    14.0,    14.0,     4.0,     0.0,     0.0,     0.0,     0.0,     0.0,     0.0,    14.0,    15.0,    15.0,    17.0,    11.0,    12.0,    12.0,     9.0,    12.0,     0.0,     0.0,     0.0,     0.0,     0.0,     9.0,     8.0,    12.0,    18.0,    16.0,     8.0,     6.0,     6.0,     6.0,     3.0,     3.0,    11.0,    16.0,    15.0,    16.0,    15.0,    16.0,     0.0,    18.0,     9.3,   448.0
100228,5Od @@@@@@@@,kWH   ,    17.0,    17.0,    18.0,    18.0,    17.0,    17.0,    18.0,    16.0,    17.0,    19.0,    16.0,    18.0,    17.0,    19.0,    18.0,    17.0,    18.0,    16.0,    18.0,    18.0,    16.0,    19.0,    17.0,    18.0,    18.0,    17.0,    18.0,    17.0,    18.0,    19.0,    17.0,    18.0,    19.0,    18.0,    16.0,    19.0,    19.0,    16.0,    18.0,    18.0,    19.0,    17.0,    18.0,    18.0,    18.0,    16.0,    17.0,    18.0,    16.0,    19.0,    17.6,   845.0
100229,}()d@@@@@@@,kWH   ,     1.0,     1.0,     2.0,     1.0,     1.0,     1.0,     1.0,     2.0,     2.0,     1.0,     1.0,     1.0,     2.0,     1.0,     2.0,     1.0,     2.0,     1.0,     2.0,     2.0,     1.0,     2.0,     1.0,     2.0,     1.0,     1.0,     2.0,     1.0,     2.0,     1.0,     2.0,     2.0,     1.0,     1.0,     2.0,     0.0,     2.0,     1.0,     1.0,     1.0,     1.0,     1.0,     1.0,     2.0,     1.0,     1.0,     2.0,     1.0,     0.0,     2.0,     1.4,    65.0
100230,22()d@@@@@@@@,kWH   ,     0.0,     1.0,     1.0,     1.0,     1.0,     1.0,     0.0,     1.0,     1.0,     1.0,     1.0,     0.0,     1.0,     1.0,     1.0,     1.0,     1.0,     1.0,     1.0,     2.0,     3.0,     2.0,     2.0,     1.0,     1.0,     1.0,     1.0,     1.0,     1.0,     1.0,     1.0,     1.0,     1.0,     1.0,     1.0,     1.0,     1.0,     1.0,     1.0,     1.0,     0.0,     1.0,     1.0,     1.0,     1.0,     0.0,     1.0,     1.0,     0.0,     3.0,     1.0,    48.0
100231,25d@@@@@@@@,kWH   ,    11.0,    11.0,    10.0,    11.0,    11.0,    10.0,    11.0,    10.0,    11.0,    11.0,    10.0,    11.0,    10.0,    11.0,    12.0,    14.0,    12.0,    17.0,    20.0,    17.0,    19.0,    18.0,    17.0,    18.0,    17.0,    20.0,    17.0,    12.0,    13.0,    15.0,    13.0,    17.0,    16.0,    16.0,    15.0,    17.0,    19.0,    18.0,    19.0,    18.0,    16.0,    16.0,    16.0,    14.0,    12.0,    11.0,    12.0,    12.0,    10.0,    20.0,    14.2,   684.0
100232,皋壮菽d @@@@@@@,kWH   ,    22.0,    21.0,    22.0,    21.0,    20.0,    21.0,    21.0,    21.0,    21.0,    20.0,    21.0,    20.0,    21.0,    21.0,    20.0,    20.0,    22.0,    23.0,    33.0,    39.0,    42.0,    43.0,    49.0,    48.0,    44.0,    53.0,    56.0,    53.0,    51.0,    50.0,    51.0,    48.0,    46.0,    52.0,    54.0,    63.0,    72.0,    85.0,    87.0,    83.0,    69.0,    57.0,    45.0,    32.0,    22.0,    20.0,    24.0,    19.0,    19.0,    87.0,    38.9,  1868.0
100233,70d@@@@@@@@,kWH   ,     5.0,     5.0,     6.0,     5.0,     6.0,     5.0,     6.0,     6.0,     6.0,     6.0,     5.0,     5.0,     6.0,     5.0,     7.0,     8.0,    12.0,    17.0,    30.0,    23.0,    24.0,    23.0,    23.0,    21.0,    21.0,    20.0,    19.0,    22.0,    18.0,    19.0,    16.0,    17.0,    16.0,    16.0,    16.0,    18.0,    16.0,    15.0,    14.0,    11.0,    11.0,    10.0,    10.0,     9.0,     8.0,     5.0,     5.0,     6.0,     5.0,    30.0,    12.6,   603.0
100234,50d@@@@@@@@,kWH   ,    84.0,    81.0,    83.0,    80.0,    80.0,    80.0,    79.0,    80.0,    82.0,    82.0,    81.0,    81.0,    76.0,    79.0,    85.0,    84.0,    92.0,    99.0,   102.0,   107.0,   104.0,   106.0,   108.0,   105.0,    96.0,    99.0,    96.0,    94.0,    92.0,   101.0,    97.0,    94.0,    96.0,    97.0,    91.0,    92.0,    89.0,    92.0,    89.0,    86.0,    85.0,    84.0,    85.0,    81.0,    80.0,    80.0,    76.0,    79.0,    76.0,   108.0,    89.0,  4271.0
100235,5051d @@@@@@@@,kWH   ,    43.0,    42.0,    42.0,    45.0,    42.0,    41.0,    42.0,    44.0,    46.0,    44.0,    43.0,    43.0,    42.0,    42.0,    47.0,    46.0,    50.0,    59.0,    64.0,    63.0,    60.0,    66.0,    69.0,    64.0,    56.0,    58.0,    58.0,    55.0,    56.0,    59.0,    59.0,    57.0,    55.0,    56.0,    52.0,    51.0,    50.0,    49.0,    49.0,    47.0,    46.0,    48.0,    46.0,    44.0,    43.0,    43.0,    42.0,    42.0,    41.0,    69.0,    50.2,  2410.0
100236,53(n)d@@@@@@@,kWH   ,    27.0,    27.0,    29.0,    23.0,    25.0,    27.0,    25.0,    23.0,    23.0,    27.0,    25.0,    24.0,    23.0,    24.0,    26.0,    27.0,    26.0,    24.0,    22.0,    26.0,    25.0,    24.0,    22.0,    24.0,    23.0,    22.0,    22.0,    24.0,    21.0,    22.0,    24.0,    20.0,    24.0,    22.0,    22.0,    24.0,    23.0,    27.0,    25.0,    24.0,    26.0,    23.0,    26.0,    23.0,    24.0,    24.0,    21.0,    24.0,    20.0,    29.0,    24.1,  1158.0
100237,52d@@@@@@@@@@,kWH   ,     2.0,     2.0,     2.0,     3.0,     2.0,     2.0,     2.0,     3.0,     2.0,     2.0,     2.0,     3.0,     1.0,     3.0,     3.0,     2.0,     3.0,     2.0,     2.0,     3.0,     3.0,     3.0,     3.0,     3.0,     3.0,     4.0,     2.0,     3.0,     2.0,     3.0,     2.0,     3.0,     2.0,     3.0,     2.0,     2.0,     3.0,     2.0,     2.0,     3.0,     2.0,     2.0,     2.0,     2.0,     2.0,     2.0,     2.0,     2.0,     1.0,     4.0,     2.4,   115.0
100238,疼菝ūd@@@@@@@,kWH   ,        ,        ,        ,        ,        ,        ,        ,        ,        ,        ,        ,        ,        ,        ,        ,        ,        ,        ,        ,        ,        ,        ,        ,        ,        ,        ,        ,        ,        ,        ,        ,        ,        ,        ,        ,        ,        ,        ,        ,        ,        ,        ,        ,        ,        ,        ,        ,        ,        ,        ,        ,        
100239,dd@@@@@@@,kWH   ,     0.0,     0.0,     1.0,     0.0,     1.0,     0.0,     1.0,     0.0,     1.0,     0.0,     1.0,     0.0,     0.0,     1.0,     0.0,     1.0,     0.0,     1.0,     1.0,     1.0,     2.0,     2.0,     1.0,     2.0,     2.0,     2.0,     2.0,     1.0,     0.0,     1.0,     0.0,     0.0,     1.0,     0.0,     1.0,     0.0,     1.0,     0.0,     1.0,     0.0,     1.0,     0.0,     1.0,     0.0,     1.0,     0.0,     1.0,     0.0,     0.0,     2.0,     0.7,    33.0
100240,d@@@@@@@@@@,kWH   ,     0.0,     0.0,     0.0,     0.0,     0.0,     0.0,     0.0,     0.0,     0.0,     0.0,     0.0,     0.0,     0.0,     0.0,     0.0,     1.0,     4.0,     6.0,    13.0,    13.0,    13.0,    14.0,    13.0,    14.0,    14.0,    14.0,    15.0,    14.0,    16.0,    15.0,    15.0,    14.0,    15.0,    15.0,    14.0,    15.0,    15.0,    15.0,    16.0,    16.0,    14.0,    10.0,    12.0,     2.0,     0.0,     1.0,     1.0,     3.0,     0.0,    16.0,     7.8,   372.0
100241,皋壮菽d @@@@@@@@@,kWH   ,     0.0,     0.0,     0.0,     0.0,     0.0,     0.0,     0.0,     0.0,     0.0,     0.0,     0.0,     0.0,     0.0,     0.0,     0.0,     0.0,     0.0,     0.0,     0.0,     0.0,     0.0,     0.0,     0.0,     0.0,     0.0,     0.0,     0.0,     0.0,     0.0,     0.0,     0.0,     0.0,     0.0,     0.0,     0.0,    15.0,    15.0,    16.0,    16.0,    16.0,     1.0,     0.0,     0.0,     0.0,     0.0,     0.0,     0.0,     1.0,     0.0,    16.0,     1.7,    80.0
100242,29(缸剔セ案偬咦晦)d@@,kWH   ,     1.0,     2.0,     2.0,     2.0,     2.0,     2.0,     1.0,     2.0,     2.0,     2.0,     2.0,     2.0,     2.0,     1.0,     2.0,     2.0,     1.0,     2.0,     2.0,     2.0,     2.0,     2.0,     2.0,     2.0,     2.0,     2.0,     2.0,     3.0,     2.0,     3.0,     1.0,     2.0,     2.0,     2.0,     3.0,     3.0,     4.0,     5.0,     5.0,     5.0,     5.0,     5.0,     5.0,     4.0,     3.0,     2.0,     2.0,     2.0,     1.0,     5.0,     2.5,   118.0
100243,闷胶澳d@@@@@@@@@@,kWH   ,     0.0,     0.0,     0.0,     0.0,     0.0,     0.0,     0.0,     0.0,     0.0,     0.0,     0.0,     0.0,     0.0,     0.0,     0.0,     0.0,     0.0,     0.0,     0.0,     0.0,     0.0,     0.0,     0.0,     0.0,     0.0,     1.0,     0.0,     0.0,     0.0,     0.0,     0.0,     0.0,     0.0,     0.0,     0.0,     0.0,     1.0,     3.0,     2.0,     2.0,     2.0,     1.0,     0.0,     0.0,     0.0,     0.0,     0.0,     0.0,     0.0,     3.0,     0.2,    12.0
100244,53()d@@@@@@@,kWH   ,     2.0,     3.0,     2.0,     3.0,     2.0,     3.0,     3.0,     3.0,     3.0,     2.0,     3.0,     3.0,     3.0,     3.0,     3.0,     4.0,     6.0,     7.0,     6.0,     7.0,     7.0,     6.0,     7.0,     7.0,     7.0,     7.0,     7.0,     8.0,     8.0,     7.0,     8.0,     7.0,     8.0,     8.0,     7.0,     8.0,     5.0,     4.0,     5.0,     4.0,     4.0,     3.0,     3.0,     3.0,     4.0,     3.0,     4.0,     3.0,     2.0,     8.0,     4.9,   233.0
100245,`d@@@@@@@,kWH   ,     0.0,     0.0,     0.0,     0.0,     0.0,     0.0,     0.0,     0.0,     0.0,     0.0,     0.0,     0.0,     0.0,     0.0,     0.0,     0.0,     0.0,     0.0,     0.0,     0.0,     0.0,     0.0,     0.0,     0.0,     0.0,     0.0,     0.0,     0.0,     0.0,     0.0,     0.0,     0.0,     0.0,     0.0,     0.0,     0.0,     0.0,     0.0,     0.0,     0.0,     0.0,     0.0,     0.0,     0.0,     0.0,     0.0,     0.0,     0.0,     0.0,     0.0,     0.0,     0.0
100246,72d@@@@@@@@@@,kWH   ,     0.0,     0.0,     1.0,     0.0,     1.0,     0.0,     1.0,     0.0,     1.0,     0.0,     1.0,     0.0,     1.0,     0.0,     2.0,     2.0,     2.0,     3.0,     9.0,     9.0,     7.0,     6.0,     7.0,     4.0,     6.0,     5.0,     6.0,     5.0,     3.0,     6.0,     4.0,     3.0,     3.0,     3.0,     3.0,     3.0,     4.0,     4.0,     2.0,     2.0,     2.0,     1.0,     2.0,     1.0,     2.0,     0.0,     1.0,     0.0,     0.0,     9.0,     2.7,   128.0
100247,()d@@@@@@@,kWH   ,     0.0,     0.0,     0.0,     0.0,     0.0,     0.0,     0.0,     0.0,     0.0,     0.0,     0.0,     0.0,     0.0,     0.0,     0.0,     0.0,     0.0,     0.0,     0.0,     0.0,     0.0,     0.0,     0.0,     0.0,     0.0,     0.0,     0.0,     0.0,     0.0,     0.0,     0.0,     0.0,     0.0,     0.0,     0.0,     0.0,     0.0,     0.0,     0.0,     0.0,     0.0,     0.0,     0.0,     0.0,     0.0,     0.0,     0.0,     0.0,     0.0,     0.0,     0.0,     0.0
100248,55d@@@@@@@@@@,kWH   ,     8.0,     8.0,     8.0,     9.0,     8.0,     8.0,     8.0,     8.0,     9.0,     8.0,     8.0,     8.0,     8.0,     8.0,     7.0,     7.0,     8.0,     7.0,     8.0,     9.0,     8.0,     9.0,     8.0,     8.0,     7.0,     8.0,     7.0,     6.0,     6.0,     8.0,     6.0,     8.0,     7.0,     8.0,     9.0,     9.0,     8.0,     9.0,     9.0,     9.0,     8.0,     9.0,     9.0,     9.0,     9.0,     9.0,     8.0,     8.0,     6.0,     9.0,     8.0,   386.0
100249,7071d @@@@@@@@,kWH   ,     6.0,     6.0,     6.0,     6.0,     7.0,     6.0,     7.0,     6.0,     7.0,     6.0,     7.0,     6.0,     6.0,     6.0,     7.0,     6.0,    12.0,    15.0,    23.0,    16.0,    18.0,    19.0,    18.0,    17.0,    17.0,    17.0,    14.0,    18.0,    17.0,    14.0,    15.0,    15.0,    14.0,    15.0,    14.0,    16.0,    14.0,    12.0,    13.0,    10.0,    11.0,    10.0,    10.0,     9.0,     7.0,     6.0,     6.0,     7.0,     6.0,    23.0,    11.2,   540.0
100250,d@@@@@@@@,kWH   ,     2.0,     1.0,     2.0,     1.0,     1.0,     2.0,     1.0,     2.0,     1.0,     2.0,     2.0,     1.0,     2.0,     1.0,     1.0,     2.0,     1.0,     4.0,     7.0,     6.0,     7.0,     7.0,     9.0,     8.0,     8.0,    14.0,    16.0,    13.0,     9.0,    10.0,    13.0,    10.0,    11.0,    14.0,    12.0,     8.0,     7.0,     9.0,    10.0,     9.0,     7.0,     3.0,     2.0,     2.0,     1.0,     2.0,     1.0,     2.0,     1.0,    16.0,     5.5,   266.0
100251,25d@@@@@@@@@@,kWH   ,    11.0,    11.0,    11.0,    11.0,    11.0,    11.0,    11.0,    11.0,    10.0,    11.0,    11.0,    11.0,    11.0,    10.0,    13.0,    14.0,    13.0,    16.0,    20.0,    18.0,    19.0,    18.0,    18.0,    18.0,    17.0,    21.0,    17.0,    12.0,    14.0,    15.0,    13.0,    17.0,    16.0,    17.0,    16.0,    16.0,    20.0,    18.0,    19.0,    19.0,    16.0,    16.0,    16.0,    15.0,    12.0,    11.0,    12.0,    12.0,    10.0,    21.0,    14.5,   696.0
100252,14d@@@@@@@@,kWH   ,    13.0,    12.0,    13.0,    12.0,    12.0,    11.0,    12.0,    11.0,    10.0,    12.0,    11.0,    12.0,    11.0,    11.0,     9.0,     9.0,     9.0,    12.0,    13.0,    13.0,    13.0,    12.0,    12.0,    13.0,    10.0,    12.0,     9.0,     8.0,    10.0,    12.0,    10.0,    14.0,    14.0,    13.0,    14.0,    16.0,    14.0,    16.0,    14.0,    16.0,    13.0,    13.0,    12.0,    12.0,    12.0,    13.0,    11.0,    13.0,     8.0,    16.0,    12.1,   579.0
100253,d@@@@@@@@@@,kWH   ,    21.0,    19.0,    20.0,    20.0,    20.0,    19.0,    20.0,    19.0,    20.0,    19.0,    19.0,    19.0,    20.0,    20.0,    18.0,    18.0,    16.0,    13.0,    13.0,    18.0,    20.0,    22.0,    25.0,    25.0,    19.0,    22.0,    25.0,    24.0,    26.0,    24.0,    24.0,    23.0,    20.0,    23.0,    25.0,    23.0,    29.0,    37.0,    39.0,    36.0,    39.0,    39.0,    27.0,    25.0,    19.0,    16.0,    19.0,    15.0,    13.0,    39.0,    22.5,  1081.0
100254,ssd@@@@@@@@,kWH   ,     2.0,     2.0,     2.0,     3.0,     3.0,     2.0,     2.0,     2.0,     2.0,     2.0,     2.0,     2.0,     3.0,     3.0,     2.0,     1.0,     5.0,    11.0,    22.0,    20.0,    26.0,    26.0,    28.0,    27.0,    26.0,    24.0,    16.0,    13.0,    15.0,    15.0,    12.0,    16.0,    14.0,    13.0,    12.0,     9.0,     9.0,     9.0,     9.0,     8.0,     7.0,     5.0,     6.0,     5.0,     4.0,     4.0,     4.0,     4.0,     1.0,    28.0,     9.6,   459.0
100160,OCx@@@@@@@@@@@@,    ,    12.5,    12.1,    11.9,    11.4,    10.8,    10.8,    10.5,    11.0,    11.0,    11.4,    10.9,    10.9,    10.6,    10.8,    11.4,    12.6,    13.0,    11.9,    11.6,    12.0,    11.8,    11.9,    11.8,    12.0,    12.0,    11.4,    11.5,    12.6,    12.0,    11.4,    12.3,    11.8,    11.9,    11.5,    10.9,    10.3,    10.0,     9.5,     9.5,     9.3,     9.0,     8.3,     7.7,     7.5,     7.5,     7.7,     7.4,     7.2,     7.2,    13.0,    10.8,        
100161,OCx@@@@@@@@@@@@,%     ,    99.0,    99.0,    99.0,    94.0,    91.0,    91.0,    86.0,    77.0,    77.0,    68.0,    71.0,    75.0,    72.0,    74.0,    71.0,    61.0,    59.0,    67.0,    69.0,    66.0,    64.0,    65.0,    63.0,    62.0,    56.0,    56.0,    52.0,    46.0,    47.0,    39.0,    39.0,    39.0,    50.0,    40.0,    49.0,    50.0,    52.0,    57.0,    61.0,    64.0,    66.0,    66.0,    66.0,    68.0,    67.0,    67.0,    70.0,    70.0,    39.0,    99.0,    65.8,        
