f}hf[^,2018N,04,02
@,@,P,0:30,1:00,1:30,2:00,2:30,3:00,3:30,4:00,4:30,5:00,5:30,6:00,6:30,7:00,7:30,8:00,8:30,9:00,9:30,10:00,10:30,11:00,11:30,12:00,12:30,13:00,13:30,14:00,14:30,15:00,15:30,16:00,16:30,17:00,17:30,18:00,18:30,19:00,19:30,20:00,20:30,21:00,21:30,22:00,22:30,23:00,23:30,0:00,l,l,l,vl
 90103,番菔呓dd@@@@@@@,kWH   ,     345,     346,     350,     348,     348,     351,     360,     348,     348,     345,     341,     338,     346,     348,     374,     384,     430,     528,     602,     653,     643,     658,     674,     665,     675,     674,     670,     664,     663,     667,     689,     689,     669,     631,     588,     564,     552,     519,     494,     473,     446,     430,     422,     408,     396,     372,     368,     362,     338,     689,     491,   23558
 90104,挤菔呓dd@@@@@@@,kWH   ,     132,     135,     137,     139,     133,     133,     135,     140,     133,     138,     139,     148,     142,     145,     205,     202,     229,     255,     280,     295,     300,     312,     313,     322,     319,     319,     318,     315,     321,     326,     303,     304,     300,     281,     267,     259,     282,     284,     274,     256,     248,     233,     220,     199,     157,     154,     149,     148,     132,     326,     227,   10878
100201,nd@@@@@@@@,kWH   ,   111.0,   111.0,   112.0,   112.0,   111.0,   115.0,   122.0,   117.0,   111.0,   110.0,   119.0,   117.0,   122.0,   129.0,   143.0,   136.0,   157.0,   195.0,   230.0,   238.0,   237.0,   254.0,   254.0,   261.0,   268.0,   282.0,   272.0,   272.0,   265.0,   260.0,   280.0,   274.0,   272.0,   264.0,   256.0,   240.0,   231.0,   209.0,   182.0,   175.0,   162.0,   152.0,   141.0,   136.0,   135.0,   125.0,   118.0,   119.0,   110.0,   282.0,   183.6,  8814.0
100202,nd@@@@@@@@,kWH   ,    67.0,    65.0,    67.0,    66.0,    67.0,    66.0,    66.0,    66.0,    67.0,    67.0,    57.0,    50.0,    52.0,    48.0,    54.0,    78.0,    81.0,   120.0,   173.0,   205.0,   191.0,   183.0,   185.0,   176.0,   177.0,   167.0,   167.0,   162.0,   157.0,   164.0,   165.0,   172.0,   164.0,   136.0,   114.0,   103.0,    95.0,    99.0,    96.0,    89.0,    79.0,    74.0,    82.0,    81.0,    75.0,    72.0,    69.0,    70.0,    48.0,   205.0,   107.2,  5146.0
100203,knd@@@@@@@@,kWH   ,    87.0,    87.0,    87.0,    87.0,    90.0,    85.0,    86.0,    87.0,    88.0,    88.0,    89.0,    88.0,    87.0,    86.0,    89.0,    90.0,    93.0,   100.0,   107.0,   111.0,   118.0,   124.0,   129.0,   132.0,   130.0,   133.0,   132.0,   128.0,   131.0,   131.0,   136.0,   134.0,   127.0,   129.0,   125.0,   120.0,   117.0,   113.0,   115.0,   112.0,   112.0,   109.0,   104.0,   104.0,    97.0,    95.0,    98.0,    94.0,    85.0,   136.0,   107.1,  5141.0
100205,6d @@@@@@@@,kWH   ,     4.0,     5.0,     5.0,     5.0,     5.0,     4.0,     5.0,     5.0,     5.0,     5.0,     4.0,     5.0,     5.0,     4.0,     5.0,     4.0,     5.0,     5.0,     5.0,     7.0,     6.0,     6.0,     6.0,     6.0,     7.0,     7.0,     7.0,     8.0,     8.0,     9.0,     8.0,     9.0,     8.0,     9.0,     8.0,     9.0,     9.0,     8.0,     8.0,     8.0,     8.0,     7.0,     8.0,     7.0,     7.0,     7.0,     6.0,     6.0,     4.0,     9.0,     6.4,   307.0
100206,16d@@@@@@@@,kWH   ,    28.0,    27.0,    28.0,    28.0,    29.0,    28.0,    28.0,    28.0,    28.0,    28.0,    28.0,    29.0,    29.0,    28.0,    30.0,    29.0,    30.0,    34.0,    36.0,    36.0,    39.0,    41.0,    41.0,    40.0,    41.0,    39.0,    43.0,    44.0,    44.0,    47.0,    45.0,    48.0,    47.0,    47.0,    45.0,    43.0,    45.0,    45.0,    43.0,    43.0,    41.0,    39.0,    36.0,    35.0,    34.0,    33.0,    30.0,    28.0,    27.0,    48.0,    36.1,  1735.0
100208,2d @@@@@@@@@@,kWH   ,    12.0,    11.0,    11.0,    12.0,    12.0,    14.0,    22.0,    16.0,    12.0,    11.0,    13.0,    12.0,    17.0,    24.0,    35.0,    25.0,    28.0,    32.0,    41.0,    50.0,    37.0,    40.0,    36.0,    41.0,    49.0,    57.0,    48.0,    39.0,    40.0,    43.0,    51.0,    39.0,    33.0,    33.0,    32.0,    32.0,    39.0,    35.0,    27.0,    26.0,    24.0,    21.0,    19.0,    19.0,    27.0,    20.0,    15.0,    14.0,    11.0,    57.0,    28.0,  1346.0
100209,1d @@@@@@@@@@,kWH   ,     2.0,     2.0,     2.0,     2.0,     2.0,     2.0,     2.0,     2.0,     2.0,     2.0,     2.0,     3.0,     3.0,     3.0,     3.0,     6.0,    10.0,    14.0,    17.0,    15.0,    15.0,    15.0,    16.0,    16.0,    13.0,    15.0,    15.0,    16.0,    15.0,    16.0,    16.0,    15.0,    17.0,    16.0,    16.0,    14.0,    13.0,    13.0,    13.0,    12.0,    10.0,     9.0,     7.0,     7.0,     5.0,     3.0,     3.0,     3.0,     2.0,    17.0,     9.2,   440.0
100210,5d @@@@@@@@@@,kWH   ,    14.0,    15.0,    16.0,    16.0,    13.0,    14.0,    16.0,    14.0,    14.0,    15.0,    14.0,    14.0,    15.0,    15.0,    15.0,    16.0,    16.0,    18.0,    20.0,    20.0,    21.0,    23.0,    23.0,    23.0,    24.0,    25.0,    27.0,    27.0,    26.0,    27.0,    28.0,    27.0,    28.0,    25.0,    24.0,    23.0,    23.0,    22.0,    22.0,    20.0,    18.0,    19.0,    17.0,    17.0,    16.0,    14.0,    15.0,    17.0,    13.0,    28.0,    19.4,   931.0
100211,378d @@@@@@@@,kWH   ,    36.0,    37.0,    37.0,    36.0,    36.0,    37.0,    37.0,    37.0,    37.0,    36.0,    36.0,    37.0,    37.0,    38.0,    38.0,    34.0,    35.0,    36.0,    41.0,    44.0,    51.0,    57.0,    56.0,    54.0,    55.0,    56.0,    57.0,    60.0,    62.0,    53.0,    58.0,    66.0,    68.0,    68.0,    66.0,    61.0,    61.0,    54.0,    44.0,    43.0,    42.0,    41.0,    39.0,    41.0,    37.0,    36.0,    35.0,    35.0,    34.0,    68.0,    45.8,  2198.0
100212,1920d @@@@@@@@,kWH   ,    15.0,    15.0,    16.0,    16.0,    17.0,    17.0,    16.0,    16.0,    17.0,    16.0,    21.0,    18.0,    18.0,    18.0,    17.0,    18.0,    19.0,    28.0,    38.0,    38.0,    41.0,    44.0,    45.0,    51.0,    50.0,    49.0,    51.0,    51.0,    48.0,    47.0,    49.0,    48.0,    51.0,    48.0,    47.0,    37.0,    31.0,    28.0,    26.0,    24.0,    24.0,    22.0,    20.0,    18.0,    19.0,    19.0,    18.0,    19.0,    15.0,    51.0,    29.6,  1419.0
100213,10d@@@@@@@@@@,kWH   ,     3.0,     4.0,     4.0,     4.0,     4.0,     4.0,     4.0,     3.0,     4.0,     4.0,     4.0,     4.0,     4.0,     4.0,     4.0,     4.0,     7.0,    12.0,    11.0,    11.0,    10.0,    10.0,    12.0,    11.0,    10.0,    10.0,    12.0,    10.0,    11.0,    10.0,    11.0,     9.0,    10.0,    10.0,     9.0,     9.0,     9.0,    11.0,    10.0,     9.0,     9.0,     9.0,     7.0,     6.0,     4.0,     5.0,     4.0,     5.0,     3.0,    12.0,     7.4,   355.0
100214,番菔呓踢谆蕙15d@@@@,kWH   ,     8.0,     7.0,     8.0,     8.0,     7.0,     8.0,     7.0,     8.0,     7.0,     7.0,     9.0,     9.0,     9.0,     9.0,    12.0,    12.0,    24.0,    34.0,    41.0,    42.0,    40.0,    44.0,    46.0,    43.0,    46.0,    46.0,    44.0,    44.0,    43.0,    42.0,    43.0,    47.0,    44.0,    43.0,    41.0,    40.0,    35.0,    25.0,    20.0,    19.0,    14.0,    13.0,     9.0,     9.0,     7.0,     8.0,     9.0,     8.0,     7.0,    47.0,    23.9,  1148.0
100215,33d@@@@@@@@@@,kWH   ,    26.0,    25.0,    26.0,    25.0,    27.0,    25.0,    25.0,    25.0,    26.0,    26.0,    26.0,    25.0,    26.0,    26.0,    27.0,    25.0,    27.0,    31.0,    31.0,    31.0,    35.0,    38.0,    42.0,    41.0,    41.0,    42.0,    42.0,    42.0,    41.0,    41.0,    41.0,    40.0,    35.0,    35.0,    36.0,    34.0,    33.0,    32.0,    31.0,    31.0,    30.0,    29.0,    29.0,    27.0,    28.0,    26.0,    27.0,    26.0,    25.0,    42.0,    31.4,  1506.0
100216,1711d @@@@@@@@,kWH   ,    17.0,    18.0,    18.0,    18.0,    18.0,    18.0,    18.0,    17.0,    19.0,    18.0,    18.0,    18.0,    17.0,    17.0,    17.0,    18.0,    17.0,    18.0,    19.0,    17.0,    19.0,    18.0,    18.0,    18.0,    18.0,    18.0,    18.0,    20.0,    19.0,    20.0,    23.0,    24.0,    25.0,    24.0,    23.0,    23.0,    23.0,    24.0,    24.0,    24.0,    24.0,    23.0,    22.0,    20.0,    19.0,    17.0,    18.0,    18.0,    17.0,    25.0,    19.6,   939.0
100217,3031d @@@@@@@@,kWH   ,    30.0,    31.0,    30.0,    31.0,    31.0,    30.0,    31.0,    30.0,    31.0,    30.0,    31.0,    31.0,    32.0,    30.0,    33.0,    33.0,    35.0,    37.0,    42.0,    46.0,    50.0,    52.0,    53.0,    56.0,    55.0,    54.0,    53.0,    49.0,    54.0,    52.0,    54.0,    50.0,    50.0,    50.0,    49.0,    44.0,    44.0,    42.0,    41.0,    40.0,    42.0,    39.0,    37.0,    37.0,    35.0,    35.0,    35.0,    33.0,    30.0,    56.0,    40.4,  1940.0
100218,32d@@@@@@@@@@,kWH   ,    12.0,    13.0,    13.0,    13.0,    12.0,    13.0,    13.0,    14.0,    12.0,    12.0,    14.0,    13.0,    13.0,    12.0,    13.0,    13.0,    12.0,    15.0,    15.0,    16.0,    15.0,    15.0,    16.0,    16.0,    15.0,    17.0,    16.0,    17.0,    17.0,    16.0,    18.0,    18.0,    17.0,    19.0,    17.0,    17.0,    17.0,    17.0,    16.0,    17.0,    17.0,    16.0,    17.0,    17.0,    15.0,    16.0,    16.0,    15.0,    12.0,    19.0,    15.1,   725.0
100219,w段百9d @@@@,kWH   ,     5.0,     6.0,     6.0,     6.0,     6.0,     5.0,     6.0,     6.0,     5.0,     6.0,     6.0,     5.0,     6.0,     6.0,     5.0,     6.0,     8.0,    11.0,    14.0,    14.0,    12.0,    13.0,    13.0,    12.0,    11.0,    11.0,    12.0,    10.0,    10.0,     8.0,     8.0,     8.0,     7.0,     8.0,     6.0,     6.0,     6.0,     6.0,     6.0,     6.0,     7.0,     6.0,     6.0,     6.0,     6.0,     6.0,     5.0,     6.0,     5.0,    14.0,     7.6,   365.0
100220,}d@@@@@@@@@@,kWH   ,     2.0,     2.0,     3.0,     2.0,     2.0,     3.0,     2.0,     2.0,     3.0,     2.0,     2.0,     2.0,     3.0,     2.0,     2.0,     3.0,     3.0,     9.0,    21.0,    29.0,    30.0,    30.0,    34.0,    37.0,    36.0,    35.0,    36.0,    36.0,    35.0,    36.0,    35.0,    36.0,    35.0,    23.0,    11.0,    10.0,    11.0,    11.0,    10.0,     6.0,     3.0,     3.0,     3.0,     3.0,     2.0,     3.0,     2.0,     2.0,     2.0,    37.0,    13.6,   653.0
100221,}Vd@@@@@@@@,kWH   ,     3.0,     3.0,     4.0,     4.0,     3.0,     4.0,     4.0,     3.0,     4.0,     4.0,     4.0,     4.0,     3.0,     5.0,     4.0,     4.0,     4.0,     6.0,    13.0,    11.0,    12.0,    12.0,    12.0,    12.0,    11.0,    11.0,    13.0,    12.0,    11.0,    12.0,    11.0,    11.0,    13.0,     8.0,     4.0,     4.0,     4.0,     3.0,     4.0,     3.0,     3.0,     4.0,     3.0,     4.0,     3.0,     4.0,     4.0,     3.0,     3.0,    13.0,     6.4,   305.0
100222,21d@@@@@@@@@@,kWH   ,     6.0,     7.0,     6.0,     7.0,     6.0,     6.0,     7.0,     6.0,     6.0,     7.0,     6.0,     7.0,     7.0,     6.0,     7.0,     9.0,    10.0,    16.0,    18.0,    17.0,    25.0,    24.0,    25.0,    24.0,    24.0,    25.0,    25.0,    24.0,    23.0,    19.0,    16.0,    16.0,    15.0,    14.0,    14.0,    13.0,    12.0,    13.0,    13.0,    14.0,    13.0,    12.0,    11.0,    10.0,     9.0,     9.0,     9.0,     9.0,     6.0,    25.0,    13.1,   627.0
100223,22()d@@@@@@@@,kWH   ,     1.0,     1.0,     2.0,     1.0,     2.0,     1.0,     2.0,     1.0,     1.0,     2.0,     1.0,     2.0,     1.0,     2.0,     1.0,     2.0,     1.0,     2.0,     2.0,     1.0,     2.0,     2.0,     1.0,     2.0,     1.0,     2.0,     2.0,     1.0,     2.0,     1.0,     2.0,     1.0,     2.0,     2.0,     2.0,     1.0,     2.0,     1.0,     2.0,     1.0,     2.0,     1.0,     2.0,     2.0,     1.0,     2.0,     1.0,     1.0,     1.0,     2.0,     1.5,    73.0
100224,24(窬堇)d@@@,kWH   ,    15.0,    14.0,    15.0,    14.0,    15.0,    14.0,    14.0,    15.0,    16.0,    14.0,    14.0,    15.0,    15.0,    14.0,    15.0,    15.0,    16.0,    15.0,    16.0,    17.0,    18.0,    17.0,    17.0,    17.0,    17.0,    16.0,    17.0,    18.0,    16.0,    17.0,    16.0,    17.0,    17.0,    17.0,    17.0,    16.0,    14.0,    16.0,    14.0,    15.0,    15.0,    15.0,    15.0,    14.0,    14.0,    15.0,    14.0,    15.0,    14.0,    18.0,    15.5,   744.0
100225,23(鼗傲据腊)d@@@@@,kWH   ,     4.0,     6.0,     5.0,     5.0,     5.0,     5.0,     5.0,     5.0,     5.0,     6.0,     5.0,     5.0,     6.0,     5.0,     5.0,     5.0,     6.0,     5.0,     8.0,     8.0,     7.0,     7.0,     8.0,     7.0,     9.0,     9.0,     9.0,     9.0,     9.0,     7.0,     8.0,     8.0,     9.0,    10.0,    14.0,    11.0,     7.0,     8.0,     8.0,     7.0,     8.0,     7.0,     7.0,     8.0,     8.0,     6.0,     6.0,     5.0,     4.0,    14.0,     7.0,   335.0
100226,矣乇傥百d@@@@@@@@@,kWH   ,     1.0,     2.0,     2.0,     2.0,     2.0,     2.0,     1.0,     2.0,     2.0,     2.0,     2.0,     1.0,     2.0,     1.0,     6.0,    28.0,    25.0,    34.0,    36.0,    36.0,    28.0,    29.0,    36.0,    27.0,    35.0,    26.0,    20.0,    18.0,    15.0,    20.0,    20.0,    20.0,    11.0,     2.0,     1.0,     2.0,     2.0,     4.0,     4.0,     4.0,     4.0,     3.0,     4.0,     4.0,     3.0,     1.0,     2.0,     2.0,     1.0,    36.0,    11.2,   536.0
100227,绁痪堇d @@@@@@,kWH   ,    15.0,    15.0,    14.0,    15.0,    16.0,    15.0,    15.0,    15.0,    16.0,    15.0,     4.0,     0.0,     0.0,     0.0,     0.0,     0.0,     0.0,     0.0,     0.0,     0.0,     0.0,     0.0,     0.0,     0.0,     0.0,     0.0,     0.0,     0.0,     0.0,     0.0,     0.0,     0.0,     1.0,     3.0,     5.0,     6.0,     6.0,     7.0,     8.0,     6.0,     1.0,     1.0,    10.0,    14.0,    14.0,    13.0,    14.0,    14.0,     0.0,    16.0,     5.8,   278.0
100228,5Od @@@@@@@@,kWH   ,    17.0,    20.0,    17.0,    16.0,    20.0,    17.0,    17.0,    17.0,    17.0,    18.0,    18.0,    19.0,    18.0,    16.0,    18.0,    18.0,    16.0,    19.0,    18.0,    18.0,    18.0,    18.0,    17.0,    19.0,    19.0,    19.0,    17.0,    20.0,    18.0,    18.0,    19.0,    19.0,    17.0,    20.0,    19.0,    18.0,    20.0,    19.0,    17.0,    19.0,    18.0,    17.0,    18.0,    19.0,    17.0,    18.0,    18.0,    17.0,    16.0,    20.0,    18.0,   866.0
100229,}()d@@@@@@@,kWH   ,     1.0,     1.0,     1.0,     1.0,     2.0,     1.0,     2.0,     2.0,     1.0,     2.0,     1.0,     2.0,     1.0,     2.0,     1.0,     2.0,     1.0,     1.0,     2.0,    17.0,     6.0,     6.0,     4.0,     4.0,     3.0,     4.0,     2.0,     3.0,     3.0,     4.0,     2.0,     4.0,     3.0,     3.0,     1.0,     2.0,     1.0,     2.0,     1.0,     3.0,     1.0,     1.0,     1.0,     2.0,     2.0,     1.0,     2.0,     1.0,     1.0,    17.0,     2.4,   116.0
100230,22()d@@@@@@@@,kWH   ,     0.0,     1.0,     1.0,     1.0,     0.0,     1.0,     1.0,     1.0,     0.0,     1.0,     1.0,     1.0,     1.0,     0.0,     1.0,     2.0,     1.0,     1.0,     2.0,     1.0,     3.0,     2.0,     1.0,     2.0,     2.0,     2.0,     2.0,     1.0,     2.0,     2.0,     1.0,     1.0,     2.0,     2.0,     2.0,     1.0,     1.0,     2.0,     2.0,     1.0,     2.0,     1.0,     2.0,     1.0,     1.0,     1.0,     1.0,     1.0,     0.0,     3.0,     1.3,    62.0
100231,25d@@@@@@@@,kWH   ,    10.0,    10.0,    11.0,    10.0,    10.0,    10.0,    10.0,    10.0,    10.0,    10.0,    10.0,    10.0,    10.0,    11.0,    12.0,    14.0,    13.0,    20.0,    26.0,    27.0,    31.0,    37.0,    41.0,    50.0,    57.0,    57.0,    57.0,    50.0,    52.0,    54.0,    40.0,    42.0,    49.0,    47.0,    37.0,    30.0,    27.0,    25.0,    24.0,    20.0,    17.0,    17.0,    16.0,    14.0,    13.0,    13.0,    12.0,    13.0,    10.0,    57.0,    24.9,  1196.0
100232,皋壮菽d @@@@@@@,kWH   ,    15.0,    16.0,    20.0,    20.0,    15.0,    16.0,    16.0,    18.0,    16.0,    15.0,    17.0,    18.0,    15.0,    15.0,    56.0,    64.0,    75.0,    76.0,    72.0,    71.0,    67.0,    65.0,    57.0,    59.0,    56.0,    57.0,    56.0,    56.0,    59.0,    64.0,    59.0,    57.0,    58.0,    50.0,    52.0,    55.0,    84.0,   101.0,   101.0,    94.0,    93.0,    87.0,    73.0,    63.0,    31.0,    21.0,    19.0,    18.0,    15.0,   101.0,    49.1,  2358.0
100233,70d@@@@@@@@,kWH   ,     5.0,     5.0,     6.0,     6.0,     6.0,     6.0,     5.0,     6.0,     6.0,     5.0,     6.0,     5.0,     6.0,     7.0,     8.0,     8.0,    12.0,    14.0,    15.0,    18.0,    18.0,    17.0,    18.0,    19.0,    18.0,    22.0,    21.0,    21.0,    21.0,    25.0,    26.0,    25.0,    18.0,    17.0,    16.0,    15.0,    14.0,    13.0,    13.0,    12.0,    10.0,    10.0,    10.0,     7.0,     6.0,     7.0,     7.0,     6.0,     5.0,    26.0,    12.2,   587.0
100234,50d@@@@@@@@,kWH   ,    80.0,    78.0,    75.0,    82.0,    80.0,    78.0,    81.0,    80.0,    81.0,    83.0,    81.0,    94.0,    87.0,    89.0,    93.0,    95.0,    99.0,   116.0,   137.0,   148.0,   155.0,   173.0,   177.0,   177.0,   168.0,   165.0,   165.0,   164.0,   160.0,   162.0,   158.0,   161.0,   156.0,   152.0,   145.0,   139.0,   129.0,   117.0,   116.0,   109.0,   103.0,    97.0,    98.0,    95.0,    89.0,    87.0,    86.0,    87.0,    75.0,   177.0,   117.2,  5627.0
100235,5051d @@@@@@@@,kWH   ,    40.0,    41.0,    39.0,    41.0,    41.0,    40.0,    41.0,    43.0,    43.0,    44.0,    45.0,    54.0,    50.0,    49.0,    51.0,    49.0,    54.0,    67.0,    88.0,    95.0,   104.0,   123.0,   123.0,   123.0,   113.0,   111.0,   108.0,   104.0,   102.0,    95.0,    91.0,    92.0,    91.0,    93.0,    88.0,    85.0,    75.0,    66.0,    63.0,    60.0,    55.0,    51.0,    53.0,    50.0,    45.0,    43.0,    43.0,    44.0,    39.0,   123.0,    68.9,  3309.0
100236,53(n)d@@@@@@@,kWH   ,    27.0,    26.0,    24.0,    29.0,    29.0,    26.0,    28.0,    25.0,    28.0,    27.0,    23.0,    29.0,    25.0,    26.0,    30.0,    31.0,    32.0,    33.0,    33.0,    31.0,    33.0,    33.0,    34.0,    37.0,    37.0,    36.0,    38.0,    39.0,    40.0,    41.0,    39.0,    39.0,    38.0,    38.0,    37.0,    36.0,    36.0,    35.0,    36.0,    34.0,    33.0,    32.0,    31.0,    33.0,    30.0,    31.0,    31.0,    30.0,    23.0,    41.0,    32.3,  1549.0
100237,52d@@@@@@@@@@,kWH   ,     1.0,     1.0,     2.0,     1.0,     2.0,     1.0,     2.0,     1.0,     2.0,     1.0,     2.0,     1.0,     1.0,     2.0,     3.0,     2.0,     2.0,     3.0,     2.0,     3.0,     3.0,     2.0,     3.0,     4.0,     3.0,     4.0,     3.0,     4.0,     3.0,     3.0,     5.0,     4.0,     5.0,     5.0,     3.0,     3.0,     3.0,     2.0,     3.0,     3.0,     2.0,     2.0,     2.0,     2.0,     2.0,     2.0,     1.0,     2.0,     1.0,     5.0,     2.5,   118.0
100238,疼菝ūd@@@@@@@,kWH   ,        ,        ,        ,        ,        ,        ,        ,        ,        ,        ,        ,        ,        ,        ,        ,        ,        ,        ,        ,        ,        ,        ,        ,        ,        ,        ,        ,        ,        ,        ,        ,        ,        ,        ,        ,        ,        ,        ,        ,        ,        ,        ,        ,        ,        ,        ,        ,        ,        ,        ,        ,        
100239,dd@@@@@@@,kWH   ,     0.0,     1.0,     0.0,     1.0,     1.0,     0.0,     1.0,     1.0,     0.0,     1.0,     0.0,     1.0,     1.0,     0.0,     1.0,     1.0,     0.0,     1.0,     0.0,     1.0,     1.0,     0.0,     1.0,     1.0,     0.0,     1.0,     1.0,     1.0,     1.0,     0.0,     1.0,     1.0,     0.0,     1.0,     1.0,     0.0,     1.0,     1.0,     0.0,     1.0,     1.0,     0.0,     0.0,     1.0,     0.0,     1.0,     0.0,     1.0,     0.0,     1.0,     0.6,    30.0
100240,d@@@@@@@@@@,kWH   ,     1.0,     2.0,     1.0,     2.0,     1.0,     2.0,     1.0,     1.0,     1.0,     1.0,     1.0,     0.0,     2.0,     0.0,     2.0,     0.0,    13.0,    17.0,    19.0,    17.0,    17.0,    18.0,    17.0,    17.0,    17.0,    17.0,    18.0,    17.0,    17.0,    18.0,    14.0,    14.0,    14.0,    10.0,    11.0,    14.0,    14.0,    15.0,    15.0,    14.0,    14.0,    13.0,    10.0,     3.0,     0.0,     1.0,     1.0,     0.0,     0.0,    19.0,     9.0,   434.0
100241,皋壮菽d @@@@@@@@@,kWH   ,     0.0,     0.0,     0.0,     0.0,     0.0,     0.0,     0.0,     0.0,     0.0,     0.0,     0.0,     0.0,     0.0,     0.0,     0.0,     0.0,     0.0,     0.0,     0.0,     0.0,     0.0,     0.0,     0.0,     0.0,     0.0,     0.0,     0.0,     0.0,     0.0,     0.0,     0.0,     0.0,     0.0,     0.0,     0.0,     0.0,     0.0,     0.0,     0.0,     0.0,     0.0,     0.0,     0.0,     0.0,     0.0,     0.0,     0.0,     0.0,     0.0,     0.0,     0.0,     0.0
100242,29(缸剔セ案偬咦晦)d@@,kWH   ,     1.0,     2.0,     2.0,     2.0,     2.0,     2.0,     2.0,     2.0,     1.0,     2.0,     2.0,     2.0,     2.0,     2.0,     2.0,     1.0,     3.0,     3.0,     4.0,     6.0,     6.0,     7.0,     6.0,     6.0,     6.0,     6.0,     6.0,     6.0,     7.0,     6.0,     7.0,     5.0,     6.0,     5.0,     6.0,     5.0,     7.0,     6.0,     5.0,     6.0,     7.0,     6.0,     5.0,     4.0,     2.0,     3.0,     1.0,     2.0,     1.0,     7.0,     4.1,   195.0
100243,闷胶澳d@@@@@@@@@@,kWH   ,     0.0,     0.0,     0.0,     0.0,     0.0,     0.0,     0.0,     0.0,     0.0,     0.0,     0.0,     0.0,     0.0,     0.0,     0.0,     0.0,     0.0,     0.0,     0.0,     0.0,     0.0,     0.0,     0.0,     0.0,     0.0,     0.0,     0.0,     0.0,     0.0,     1.0,     0.0,     0.0,     0.0,     1.0,     0.0,     0.0,     1.0,     3.0,     2.0,     2.0,     3.0,     1.0,     0.0,     0.0,     0.0,     0.0,     0.0,     0.0,     0.0,     3.0,     0.3,    14.0
100244,53()d@@@@@@@,kWH   ,     2.0,     2.0,     2.0,     3.0,     2.0,     2.0,     2.0,     3.0,     2.0,     2.0,     2.0,     3.0,     2.0,     2.0,     3.0,     3.0,     4.0,     5.0,     5.0,     8.0,     6.0,     5.0,     8.0,     6.0,     4.0,     4.0,     5.0,     7.0,     5.0,     6.0,     6.0,     7.0,     6.0,     5.0,     4.0,     4.0,     5.0,     3.0,     4.0,     4.0,     3.0,     3.0,     2.0,     3.0,     2.0,     3.0,     2.0,     3.0,     2.0,     8.0,     3.8,   184.0
100245,`d@@@@@@@,kWH   ,     0.0,     0.0,     0.0,     0.0,     0.0,     0.0,     0.0,     0.0,     0.0,     0.0,     0.0,     0.0,     0.0,     0.0,     0.0,     0.0,     0.0,     0.0,     0.0,     0.0,     0.0,     0.0,     2.0,     3.0,     3.0,     3.0,     3.0,     3.0,     3.0,     4.0,     2.0,     3.0,     3.0,     3.0,     2.0,     2.0,     0.0,     0.0,     0.0,     0.0,     0.0,     0.0,     0.0,     0.0,     0.0,     0.0,     0.0,     0.0,     0.0,     4.0,     0.8,    39.0
100246,72d@@@@@@@@@@,kWH   ,     0.0,     0.0,     0.0,     1.0,     0.0,     0.0,     1.0,     0.0,     0.0,     1.0,     0.0,     1.0,     0.0,     0.0,     2.0,     1.0,     2.0,     1.0,     2.0,     2.0,     2.0,     2.0,     3.0,     2.0,     2.0,     4.0,     3.0,     4.0,     5.0,     8.0,     9.0,     7.0,     1.0,     2.0,     2.0,     2.0,     1.0,     2.0,     1.0,     1.0,     1.0,     0.0,     1.0,     1.0,     0.0,     1.0,     1.0,     0.0,     0.0,     9.0,     1.7,    82.0
100247,()d@@@@@@@,kWH   ,     0.0,     0.0,     0.0,     0.0,     0.0,     0.0,     0.0,     0.0,     0.0,     0.0,     0.0,     0.0,     0.0,     0.0,    37.0,    43.0,    42.0,    42.0,    33.0,    23.0,    18.0,    14.0,     0.0,     0.0,     0.0,     0.0,     0.0,     0.0,     0.0,     0.0,     0.0,     0.0,     0.0,     0.0,     0.0,     0.0,     0.0,     0.0,     0.0,     0.0,     0.0,     0.0,     0.0,     0.0,     0.0,     0.0,     0.0,     0.0,     0.0,    43.0,     5.2,   252.0
100248,55d@@@@@@@@@@,kWH   ,     8.0,     8.0,     8.0,     9.0,     8.0,     9.0,     8.0,     8.0,     9.0,     8.0,     8.0,     9.0,     8.0,    10.0,     8.0,     9.0,     8.0,     8.0,     9.0,    10.0,    10.0,     8.0,     8.0,     7.0,     8.0,     9.0,     9.0,    10.0,     9.0,    16.0,    16.0,    18.0,    14.0,    11.0,    11.0,    11.0,    10.0,    10.0,    10.0,    10.0,     9.0,    10.0,     9.0,     9.0,     9.0,     9.0,     9.0,     9.0,     7.0,    18.0,     9.5,   458.0
100249,7071d @@@@@@@@,kWH   ,     6.0,     6.0,     7.0,     6.0,     7.0,     7.0,     6.0,     6.0,     7.0,     7.0,     6.0,     6.0,     7.0,     8.0,     7.0,     8.0,    11.0,    15.0,    14.0,    18.0,    16.0,    17.0,    17.0,    17.0,    18.0,    19.0,    18.0,    18.0,    17.0,    18.0,    18.0,    19.0,    17.0,    16.0,    16.0,    14.0,    14.0,    13.0,    13.0,    12.0,    11.0,    11.0,    10.0,     8.0,     7.0,     7.0,     7.0,     7.0,     6.0,    19.0,    11.7,   560.0
100250,d@@@@@@@@,kWH   ,     1.0,     1.0,     1.0,     1.0,     1.0,     2.0,     1.0,     1.0,     1.0,     2.0,     1.0,     1.0,     1.0,     2.0,     1.0,     1.0,     3.0,     3.0,     3.0,     6.0,     8.0,     7.0,     7.0,     8.0,     7.0,     8.0,     7.0,     8.0,     8.0,    11.0,    10.0,     8.0,    10.0,     8.0,    12.0,    11.0,    11.0,    10.0,    10.0,     3.0,     3.0,     3.0,     4.0,     1.0,     2.0,     1.0,     2.0,     1.0,     1.0,    12.0,     4.6,   223.0
100251,25d@@@@@@@@@@,kWH   ,    10.0,    11.0,    10.0,    11.0,    10.0,    10.0,    10.0,    11.0,    10.0,    10.0,    11.0,    10.0,    10.0,    12.0,    12.0,    14.0,    13.0,    20.0,    26.0,    28.0,    31.0,    36.0,    39.0,    47.0,    54.0,    55.0,    52.0,    48.0,    49.0,    50.0,    37.0,    39.0,    47.0,    45.0,    34.0,    28.0,    27.0,    25.0,    25.0,    20.0,    17.0,    17.0,    16.0,    15.0,    14.0,    13.0,    12.0,    13.0,    10.0,    55.0,    24.2,  1164.0
100252,14d@@@@@@@@,kWH   ,    12.0,    13.0,    14.0,    14.0,    13.0,    14.0,    13.0,    13.0,    13.0,    13.0,    12.0,    13.0,    13.0,    13.0,    12.0,    12.0,    12.0,    12.0,    13.0,    13.0,    16.0,    18.0,    18.0,    20.0,    18.0,    17.0,    18.0,    20.0,    20.0,    21.0,    23.0,    25.0,    26.0,    26.0,    23.0,    24.0,    20.0,    21.0,    17.0,    18.0,    15.0,    16.0,    14.0,    13.0,    13.0,    14.0,    12.0,    13.0,    12.0,    26.0,    16.2,   776.0
100253,d@@@@@@@@@@,kWH   ,    12.0,    13.0,    18.0,    17.0,    12.0,    12.0,    15.0,    15.0,    14.0,    12.0,    14.0,    17.0,    13.0,    12.0,    16.0,    18.0,    15.0,    13.0,    13.0,    19.0,    18.0,    23.0,    27.0,    28.0,    28.0,    27.0,    26.0,    25.0,    29.0,    29.0,    30.0,    30.0,    29.0,    27.0,    25.0,    26.0,    51.0,    67.0,    69.0,    69.0,    67.0,    63.0,    56.0,    55.0,    27.0,    18.0,    16.0,    15.0,    12.0,    69.0,    26.9,  1290.0
100254,ssd@@@@@@@@,kWH   ,     4.0,     3.0,     5.0,     4.0,     5.0,     4.0,     4.0,     4.0,     4.0,     3.0,     4.0,     5.0,     5.0,     5.0,     4.0,     6.0,     8.0,    10.0,    19.0,    20.0,    19.0,    18.0,    16.0,    17.0,    17.0,    17.0,    19.0,    17.0,    18.0,    28.0,    25.0,    27.0,    27.0,    22.0,    20.0,    17.0,    15.0,    13.0,    12.0,    12.0,    11.0,    10.0,     9.0,     8.0,     5.0,     6.0,     6.0,     5.0,     3.0,    28.0,    11.7,   562.0
100160,OCx@@@@@@@@@@@@,    ,    15.1,    14.6,    14.6,    14.4,    14.4,    14.1,    13.5,    13.8,    14.0,    13.5,    14.0,    13.6,    13.3,    13.0,    13.8,    15.0,    16.0,    16.6,    17.8,    18.6,    19.3,    20.3,    21.1,    22.3,    24.3,    25.0,    25.3,    25.1,    25.5,    25.3,    25.1,    24.8,    24.3,    23.8,    23.1,    22.5,    21.8,    21.3,    20.8,    20.6,    19.8,    19.1,    18.8,    18.6,    17.6,    17.6,    17.5,    16.8,    13.0,    25.5,    18.8,        
100161,OCx@@@@@@@@@@@@,%     ,    71.0,    74.0,    74.0,    75.0,    75.0,    76.0,    77.0,    75.0,    73.0,    72.0,    70.0,    70.0,    74.0,    77.0,    75.0,    67.0,    63.0,    60.0,    58.0,    54.0,    52.0,    49.0,    45.0,    39.0,    35.0,    32.0,    33.0,    34.0,    32.0,    30.0,    32.0,    32.0,    35.0,    36.0,    37.0,    38.0,    41.0,    43.0,    44.0,    46.0,    49.0,    51.0,    52.0,    56.0,    56.0,    58.0,    60.0,    58.0,    30.0,    77.0,    54.5,        
